Time - Plot 0	Amplitude - Plot 0
1	0.000203757
2	4.67E-07
3	2.71E-07
4	2.75E-07
5	5.23E-07
6	8.12E-07
7	1.19E-06
8	9.51E-07
9	0.000351403
10	0.000703267
11	0.000351738
12	2.52E-07
13	4.90E-07
14	3.16E-07
15	4.43E-07
16	6.37E-07
17	4.66E-07
18	2.80E-07
19	5.72E-07
20	4.91E-07
21	6.46E-07
22	7.35E-07
23	5.44E-07
24	4.32E-07
25	4.88E-07
26	4.99E-07
27	4.80E-07
28	3.61E-07
29	7.26E-07
30	5.18E-07
31	5.43E-07
32	1.23E-07
33	3.90E-07
34	2.61E-07
35	3.13E-07
36	5.48E-07
37	6.22E-07
38	5.10E-07
39	3.58E-07
40	4.12E-07
41	6.44E-07
42	3.92E-07
43	2.25E-07
44	3.96E-08
45	2.54E-07
46	4.11E-07
47	3.25E-07
48	2.56E-07
49	3.10E-07
50	2.12E-07
51	2.73E-07
52	2.69E-07
53	4.06E-07
54	5.29E-07
55	5.66E-07
56	2.74E-07
57	2.46E-07
58	4.05E-07
59	3.48E-07
60	8.57E-07
61	4.29E-07
62	4.40E-08
63	2.87E-07
64	2.18E-07
65	7.04E-08
66	2.60E-07
67	5.24E-07
68	5.74E-07
69	4.37E-07
70	2.90E-07
71	5.71E-07
72	5.30E-07
73	1.39E-07
74	6.12E-08
75	2.54E-07
76	3.02E-07
77	2.81E-08
78	1.90E-07
79	5.09E-08
80	3.51E-07
81	5.07E-07
82	3.54E-07
83	2.72E-07
84	5.38E-08
85	1.89E-07
86	3.77E-07
87	4.91E-07
88	2.95E-07
89	2.05E-07
90	3.89E-07
91	3.71E-07
92	3.52E-07
93	3.35E-07
94	2.30E-07
95	3.14E-07
96	3.24E-07
97	1.26E-07
98	1.75E-07
99	2.97E-07
100	2.88E-07
101	2.51E-07
102	2.82E-07
103	4.05E-07
104	6.62E-07
105	6.50E-07
106	2.82E-07
107	4.90E-08
108	3.17E-08
109	1.64E-07
110	2.77E-07
111	2.54E-07
112	7.37E-08
113	9.85E-08
114	1.11E-08
115	1.18E-07
116	8.58E-08
117	7.12E-08
118	5.21E-08
119	2.60E-07
120	4.45E-07
121	3.13E-07
122	1.25E-07
123	1.20E-07
124	1.87E-07
125	7.37E-08
126	2.76E-07
127	3.46E-07
128	4.45E-07
129	5.41E-07
130	4.22E-07
131	2.39E-07
132	1.36E-07
133	1.17E-07
134	2.24E-07
135	3.19E-07
136	2.83E-07
137	3.81E-07
138	3.61E-07
139	2.44E-07
140	4.86E-07
141	3.10E-07
142	1.32E-07
143	1.72E-07
144	1.80E-07
145	1.46E-07
146	1.57E-07
147	7.94E-08
148	2.04E-07
149	3.92E-07
150	1.69E-07
151	2.19E-07
152	3.43E-07
153	3.51E-07
154	2.88E-07
155	1.92E-07
156	1.89E-07
157	1.76E-07
158	8.74E-08
159	3.10E-07
160	1.05E-07
161	8.39E-08
162	1.09E-07
163	1.17E-07
164	3.42E-07
165	3.35E-07
166	5.14E-08
167	1.57E-07
168	1.16E-07
169	1.13E-07
170	1.70E-07
171	3.81E-08
172	1.03E-07
173	2.30E-07
174	1.71E-07
175	2.31E-07
176	2.67E-07
177	3.00E-07
178	3.14E-07
179	2.57E-07
180	1.53E-07
181	3.25E-07
182	4.95E-07
183	5.34E-07
184	2.96E-07
185	2.06E-07
186	1.44E-07
187	3.58E-07
188	2.97E-07
189	7.58E-08
190	2.04E-07
191	9.65E-08
192	3.21E-07
193	3.48E-07
194	1.68E-07
195	9.15E-08
196	3.11E-07
197	5.57E-07
198	5.07E-07
199	7.21E-08
200	1.42E-07
201	2.09E-08
202	1.57E-08
203	7.55E-08
204	8.93E-08
205	1.06E-07
206	3.49E-07
207	4.63E-07
208	8.05E-08
209	1.25E-07
210	3.80E-07
211	3.97E-07
212	1.05E-07
213	2.57E-07
214	2.90E-07
215	1.58E-07
216	3.32E-07
217	5.52E-07
218	4.83E-07
219	2.83E-07
220	1.35E-07
221	1.18E-07
222	1.96E-07
223	3.82E-07
224	5.22E-07
225	4.50E-07
226	2.12E-07
227	1.68E-07
228	3.12E-07
229	6.38E-08
230	3.46E-07
231	1.65E-07
232	3.78E-07
233	3.44E-07
234	3.03E-07
235	5.99E-07
236	1.72E-07
237	4.54E-07
238	6.31E-07
239	5.65E-07
240	3.99E-07
241	3.35E-07
242	2.64E-07
243	4.88E-08
244	1.10E-07
245	2.46E-07
246	3.67E-07
247	1.93E-07
248	1.96E-07
249	3.04E-07
250	5.22E-07
251	4.84E-07
252	2.84E-07
253	3.48E-07
254	3.14E-07
255	1.14E-07
256	1.07E-07
257	3.89E-07
258	4.38E-07
259	1.67E-07
260	1.88E-07
261	1.91E-07
262	1.17E-07
263	3.64E-08
264	1.67E-07
265	1.48E-07
266	2.07E-07
267	3.15E-07
268	1.27E-07
269	2.30E-07
270	2.09E-07
271	1.41E-07
272	3.41E-07
273	4.04E-07
274	2.63E-07
275	2.04E-07
276	4.55E-07
277	4.37E-07
278	1.86E-07
279	1.52E-07
280	9.37E-08
281	4.74E-08
282	1.86E-07
283	3.44E-07
284	1.79E-07
285	1.38E-07
286	3.45E-07
287	2.42E-07
288	1.39E-07
289	1.75E-07
290	2.96E-07
291	2.19E-07
292	2.27E-07
293	2.81E-07
294	1.26E-07
295	1.68E-07
296	3.47E-07
297	2.60E-07
298	9.98E-08
299	1.80E-07
300	1.15E-07
301	2.47E-07
302	2.35E-07
303	6.53E-08
304	3.01E-07
305	4.85E-07
306	2.83E-07
307	1.44E-07
308	3.22E-07
309	2.89E-07
310	3.69E-07
311	3.22E-07
312	2.70E-07
313	3.89E-07
314	2.11E-07
315	1.07E-07
316	2.27E-07
317	1.35E-07
318	2.91E-07
319	2.77E-07
320	1.68E-07
321	2.70E-07
322	1.53E-07
323	1.99E-07
324	6.61E-08
325	4.39E-07
326	2.72E-07
327	9.76E-08
328	2.69E-07
329	6.48E-07
330	1.03E-06
331	4.17E-07
332	2.77E-07
333	4.27E-07
334	1.16E-07
335	1.82E-07
336	1.51E-07
337	2.34E-07
338	3.99E-07
339	4.38E-07
340	2.86E-07
341	5.13E-08
342	1.18E-07
343	2.19E-07
344	1.72E-07
345	3.13E-07
346	3.83E-07
347	2.10E-07
348	1.43E-07
349	2.27E-07
350	1.50E-07
351	1.36E-07
352	8.34E-08
353	2.29E-07
354	3.65E-07
355	2.76E-08
356	2.52E-07
357	1.06E-07
358	9.89E-08
359	3.20E-07
360	3.60E-07
361	2.55E-07
362	1.50E-07
363	3.69E-07
364	4.96E-07
365	3.01E-07
366	3.09E-07
367	8.94E-08
368	1.45E-07
369	3.44E-07
370	5.06E-07
371	4.19E-07
372	1.84E-07
373	2.69E-07
374	3.29E-07
375	2.67E-07
376	4.81E-07
377	3.65E-07
378	4.44E-07
379	3.15E-07
380	1.56E-07
381	2.67E-07
382	2.17E-07
383	1.92E-07
384	1.53E-07
385	1.35E-07
386	1.92E-07
387	1.86E-07
388	1.50E-07
389	3.28E-07
390	2.36E-07
391	4.25E-07
392	1.32E-07
393	2.88E-07
394	5.07E-07
395	6.63E-07
396	3.87E-07
397	7.29E-08
398	3.18E-07
399	3.43E-07
400	3.13E-07
401	3.24E-07
402	3.80E-07
403	2.51E-07
404	2.53E-07
405	1.68E-07
406	8.25E-08
407	1.42E-07
408	1.99E-07
409	1.34E-07
410	7.57E-08
411	1.41E-07
412	2.38E-07
413	3.86E-07
414	4.78E-07
415	3.41E-07
416	2.03E-07
417	1.97E-07
418	3.35E-08
419	2.89E-08
420	3.67E-07
421	2.18E-07
422	1.27E-07
423	3.44E-07
424	5.48E-07
425	4.22E-07
426	2.62E-07
427	4.47E-08
428	2.80E-07
429	3.20E-07
430	3.28E-07
431	4.51E-08
432	2.68E-07
433	1.97E-07
434	1.94E-07
435	3.20E-08
436	1.31E-07
437	6.62E-08
438	8.04E-08
439	8.56E-08
440	1.00E-07
441	1.73E-07
442	3.04E-07
443	2.73E-07
444	1.22E-07
445	3.20E-07
446	4.15E-07
447	4.23E-07
448	6.98E-08
449	3.49E-07
450	3.28E-07
451	2.66E-07
452	2.11E-07
453	2.44E-07
454	5.08E-07
455	4.31E-07
456	1.43E-07
457	4.31E-07
458	1.84E-07
459	1.39E-07
460	7.35E-08
461	3.12E-07
462	3.13E-07
463	6.44E-08
464	1.08E-07
465	7.98E-08
466	4.91E-08
467	1.16E-07
468	1.17E-07
469	9.15E-08
470	1.39E-07
471	2.73E-07
472	1.77E-07
473	3.30E-07
474	2.31E-07
475	1.97E-07
476	1.71E-07
477	3.03E-07
478	2.18E-07
479	1.59E-07
480	1.63E-07
481	1.14E-07
482	3.15E-07
483	2.76E-07
484	3.03E-07
485	2.61E-07
486	3.44E-07
487	4.01E-07
488	4.73E-07
489	3.67E-07
490	1.66E-07
491	3.83E-07
492	2.10E-07
493	7.51E-08
494	1.59E-07
495	1.59E-07
496	2.24E-07
497	3.46E-07
498	2.72E-07
499	1.95E-07
500	2.30E-07
501	3.07E-07
502	5.97E-07
503	5.06E-07
504	1.87E-07
505	1.70E-07
506	1.46E-07
507	1.61E-07
508	1.57E-07
509	1.56E-07
510	1.99E-07
511	4.11E-08
512	1.50E-07
513	2.20E-07
514	2.70E-07
515	1.87E-07
516	3.74E-07
517	2.29E-07
518	3.80E-07
519	2.49E-07
520	1.75E-07
521	1.79E-07
522	2.13E-07
523	2.50E-07
524	8.82E-08
525	1.36E-07
526	1.50E-07
527	2.80E-07
528	3.51E-07
529	3.91E-07
530	4.38E-07
531	3.02E-07
532	4.60E-07
533	3.61E-07
534	1.82E-07
535	2.17E-07
536	2.02E-07
537	2.91E-07
538	4.28E-07
539	4.49E-07
540	5.20E-07
541	4.59E-07
542	3.53E-07
543	3.05E-07
544	1.44E-07
545	1.86E-07
546	3.03E-07
547	2.89E-07
548	3.79E-07
549	3.51E-07
550	1.00E-07
551	1.56E-07
552	1.87E-07
553	1.09E-07
554	1.44E-07
555	1.22E-07
556	1.74E-07
557	4.76E-07
558	4.86E-07
559	2.43E-07
560	1.18E-07
561	1.66E-07
562	1.78E-07
563	4.75E-07
564	4.25E-07
565	2.59E-07
566	3.50E-07
567	3.61E-07
568	3.99E-07
569	4.89E-07
570	2.99E-07
571	3.06E-07
572	3.00E-07
573	1.16E-07
574	1.42E-07
575	9.55E-08
576	1.10E-07
577	2.39E-07
578	3.51E-07
579	1.88E-07
580	5.09E-07
581	5.09E-07
582	1.45E-07
583	1.35E-07
584	9.07E-08
585	4.76E-08
586	2.37E-07
587	2.83E-07
588	7.13E-08
589	1.87E-07
590	2.84E-07
591	3.20E-07
592	4.54E-07
593	4.66E-07
594	3.06E-08
595	3.20E-07
596	4.31E-07
597	2.91E-07
598	2.32E-07
599	1.62E-07
600	3.58E-07
601	5.93E-07
602	5.39E-07
603	1.44E-07
604	1.50E-07
605	3.10E-07
606	1.96E-07
607	1.47E-07
608	2.13E-07
609	9.90E-08
610	3.25E-07
611	2.91E-07
612	1.06E-07
613	2.10E-07
614	5.43E-08
615	1.58E-07
616	2.46E-07
617	4.84E-07
618	6.62E-07
619	6.25E-07
620	3.34E-07
621	4.88E-07
622	5.82E-07
623	3.97E-07
624	3.39E-07
625	3.49E-07
626	3.31E-07
627	2.99E-07
628	1.95E-07
629	1.86E-07
630	1.32E-07
631	3.29E-08
632	1.32E-07
633	1.19E-07
634	8.27E-08
635	3.09E-08
636	2.46E-08
637	1.31E-07
638	1.30E-07
639	2.44E-07
640	2.67E-07
641	2.90E-07
642	1.03E-07
643	1.73E-07
644	2.37E-07
645	3.98E-07
646	3.21E-07
647	2.61E-07
648	1.55E-07
649	1.58E-07
650	2.02E-07
651	2.38E-07
652	3.02E-07
653	3.37E-07
654	2.29E-07
655	3.23E-08
656	1.78E-07
657	3.92E-07
658	1.19E-07
659	5.92E-07
660	2.44E-07
661	3.52E-07
662	2.03E-07
663	2.97E-07
664	2.37E-07
665	1.48E-07
666	7.21E-08
667	2.00E-07
668	3.51E-07
669	3.84E-07
670	4.27E-07
671	4.28E-07
672	3.83E-07
673	2.22E-07
674	9.59E-08
675	2.66E-07
676	1.33E-07
677	3.07E-07
678	2.94E-07
679	2.62E-07
680	4.12E-07
681	5.44E-07
682	3.59E-07
683	2.99E-07
684	1.69E-07
685	2.07E-08
686	9.46E-08
687	2.06E-07
688	2.36E-07
689	3.34E-07
690	2.51E-07
691	1.66E-07
692	1.60E-07
693	1.17E-07
694	1.90E-07
695	1.77E-07
696	1.92E-07
697	2.64E-07
698	3.45E-07
699	3.09E-07
700	2.70E-07
701	1.68E-07
702	3.06E-07
703	3.18E-07
704	2.28E-07
705	2.00E-07
706	1.41E-07
707	7.36E-08
708	2.11E-07
709	1.98E-07
710	1.61E-07
711	3.46E-07
712	3.43E-07
713	1.81E-07
714	1.56E-07
715	1.80E-07
716	1.83E-07
717	3.03E-08
718	1.61E-07
719	5.02E-08
720	1.91E-07
721	2.70E-07
722	2.01E-07
723	1.69E-07
724	2.40E-07
725	4.79E-07
726	6.04E-07
727	3.47E-07
728	1.25E-07
729	1.58E-07
730	9.45E-08
731	2.08E-07
732	1.95E-07
733	5.10E-07
734	5.52E-07
735	3.23E-07
736	3.26E-07
737	1.18E-07
738	3.09E-07
739	4.18E-07
740	3.11E-07
741	4.84E-08
742	7.45E-08
743	1.25E-07
744	1.30E-07
745	1.43E-07
746	8.60E-08
747	1.80E-07
748	8.18E-08
749	6.49E-08
750	3.04E-07
751	4.18E-07
752	2.02E-07
753	6.76E-08
754	2.39E-07
755	2.23E-07
756	4.39E-07
757	6.37E-07
758	4.53E-07
759	3.84E-07
760	3.88E-07
761	3.55E-07
762	2.55E-07
763	1.08E-07
764	1.28E-07
765	4.42E-07
766	5.78E-07
767	2.40E-07
768	4.36E-08
769	1.24E-07
770	3.48E-07
771	2.96E-07
772	2.63E-07
773	1.75E-07
774	1.92E-07
775	3.63E-07
776	4.42E-07
777	3.95E-07
778	2.86E-07
779	2.64E-07
780	2.56E-07
781	1.80E-07
782	2.73E-07
783	5.03E-07
784	4.88E-07
785	2.82E-07
786	2.05E-07
787	1.72E-07
788	7.47E-08
789	1.72E-07
790	1.00E-07
791	1.99E-07
792	2.86E-07
793	1.22E-07
794	4.80E-08
795	8.85E-08
796	2.61E-07
797	2.00E-07
798	3.40E-07
799	1.26E-07
800	2.62E-07
801	1.74E-07
802	1.53E-07
803	2.40E-07
804	4.14E-07
805	3.80E-07
806	8.90E-08
807	7.35E-08
808	1.37E-07
809	1.74E-07
810	4.90E-08
811	1.65E-07
812	4.31E-08
813	1.90E-07
814	2.13E-07
815	1.32E-07
816	2.16E-07
817	3.60E-07
818	4.14E-07
819	3.44E-07
820	2.75E-07
821	3.00E-07
822	1.19E-07
823	2.07E-07
824	1.18E-08
825	1.62E-07
826	4.91E-07
827	4.93E-07
828	1.05E-07
829	2.87E-07
830	5.42E-07
831	4.72E-07
832	2.47E-07
833	1.33E-07
834	2.35E-07
835	3.76E-08
836	1.07E-07
837	7.97E-08
838	2.99E-07
839	1.50E-07
840	1.78E-07
841	1.51E-07
842	1.31E-07
843	3.56E-07
844	4.27E-07
845	2.69E-07
846	3.14E-07
847	3.98E-07
848	2.07E-07
849	6.92E-08
850	2.05E-07
851	2.56E-07
852	9.43E-08
853	1.06E-07
854	2.59E-07
855	3.97E-07
856	2.98E-07
857	1.58E-07
858	1.14E-07
859	3.48E-07
860	1.41E-07
861	1.38E-07
862	3.34E-07
863	4.39E-07
864	1.37E-07
865	1.60E-07
866	3.96E-07
867	5.02E-07
868	3.76E-07
869	2.14E-07
870	9.16E-08
871	1.63E-07
872	5.99E-08
873	1.65E-07
874	1.83E-07
875	2.41E-07
876	7.35E-08
877	2.35E-07
878	1.01E-07
879	1.60E-07
880	2.37E-07
881	1.64E-07
882	2.16E-07
883	3.52E-07
884	2.38E-07
885	2.23E-07
886	3.05E-07
887	1.83E-07
888	2.81E-07
889	2.94E-07
890	2.73E-07
891	1.54E-07
892	1.84E-07
893	1.36E-07
894	2.13E-07
895	4.75E-07
896	3.68E-07
897	3.34E-07
898	3.32E-07
899	4.54E-07
900	3.09E-07
901	5.25E-08
902	1.32E-07
903	4.04E-07
904	4.20E-07
905	2.22E-07
906	5.31E-08
907	2.13E-07
908	2.95E-07
909	1.80E-07
910	4.62E-08
911	2.44E-07
912	3.73E-07
913	3.29E-07
914	1.32E-07
915	1.15E-07
916	3.01E-07
917	1.79E-07
918	1.02E-07
919	2.44E-07
920	1.62E-07
921	1.32E-07
922	3.02E-07
923	2.08E-07
924	2.28E-07
925	3.15E-07
926	3.33E-07
927	3.52E-07
928	3.26E-07
929	8.22E-08
930	1.37E-07
931	3.19E-07
932	4.20E-07
933	4.01E-07
934	2.96E-07
935	2.17E-07
936	2.16E-07
937	3.42E-07
938	4.90E-07
939	3.08E-07
940	3.72E-08
941	2.36E-08
942	1.74E-07
943	1.11E-07
944	2.82E-07
945	3.27E-07
946	2.99E-07
947	1.88E-07
948	1.64E-07
949	1.43E-07
950	1.13E-07
951	1.09E-07
952	4.77E-08
953	1.12E-07
954	1.53E-07
955	1.32E-07
956	2.86E-07
957	1.95E-07
958	2.70E-08
959	1.21E-07
960	1.57E-07
961	2.84E-07
962	3.55E-07
963	3.02E-07
964	2.19E-07
965	3.95E-07
966	5.37E-07
967	3.35E-07
968	1.27E-07
969	2.18E-07
970	4.26E-07
971	4.08E-07
972	1.94E-07
973	2.64E-07
974	2.82E-08
975	4.13E-07
976	5.93E-07
977	4.48E-07
978	1.44E-07
979	2.63E-08
980	3.05E-08
981	3.36E-07
982	7.15E-07
983	4.85E-07
984	1.06E-07
985	3.04E-07
986	1.20E-07
987	4.49E-07
988	8.45E-07
989	1.08E-06
990	4.37E-07
991	1.37E-07
992	2.45E-07
993	4.42E-07
994	4.13E-07
995	3.01E-07
996	2.25E-07
997	2.95E-07
998	1.51E-07
999	2.02E-07
1000	1.34E-07
1001	3.13E-07
1002	7.51E-08
1003	1.55E-07
1004	5.53E-08
1005	1.32E-07
1006	1.60E-07
1007	3.68E-07
1008	1.31E-07
1009	2.81E-07
1010	2.85E-07
1011	2.11E-07
1012	2.81E-07
1013	3.48E-07
1014	1.04E-07
1015	2.41E-07
1016	4.20E-07
1017	4.07E-07
1018	2.02E-07
1019	6.87E-08
1020	2.32E-07
1021	3.30E-07
1022	2.84E-07
1023	2.08E-07
1024	1.92E-07
1025	2.14E-07
1026	1.40E-07
1027	2.34E-07
1028	2.67E-07
1029	2.22E-07
1030	2.17E-07
1031	2.94E-07
1032	1.19E-07
1033	1.35E-07
1034	4.31E-07
1035	3.63E-07
1036	9.87E-08
1037	3.42E-08
1038	2.33E-07
1039	3.26E-07
1040	3.75E-07
1041	1.03E-07
1042	1.63E-07
1043	3.35E-07
1044	3.36E-07
1045	3.12E-08
1046	7.42E-08
1047	3.36E-07
1048	2.43E-07
1049	1.70E-07
1050	3.49E-07
1051	3.68E-07
1052	1.94E-07
1053	2.66E-07
1054	3.00E-07
1055	7.82E-08
1056	9.80E-08
1057	6.54E-08
1058	6.16E-08
1059	1.08E-07
1060	1.01E-07
1061	1.16E-07
1062	1.43E-07
1063	8.20E-08
1064	2.12E-07
1065	2.60E-07
1066	4.24E-07
1067	3.02E-07
1068	5.03E-08
1069	9.37E-08
1070	2.72E-07
1071	8.24E-08
1072	2.33E-07
1073	2.47E-07
1074	9.03E-08
1075	3.72E-08
1076	1.29E-07
1077	1.33E-07
1078	1.66E-07
1079	3.55E-07
1080	1.05E-07
1081	5.06E-07
1082	4.59E-07
1083	1.49E-07
1084	7.60E-08
1085	1.51E-07
1086	1.69E-07
1087	2.31E-07
1088	2.37E-07
1089	1.06E-07
1090	2.76E-07
1091	2.15E-07
1092	4.28E-07
1093	5.06E-07
1094	1.73E-07
1095	1.00E-07
1096	2.12E-07
1097	3.57E-07
1098	2.79E-07
1099	2.48E-07
1100	2.68E-07
1101	1.71E-07
1102	1.93E-07
1103	2.85E-07
1104	5.27E-08
1105	1.64E-07
1106	3.34E-07
1107	4.93E-07
1108	3.07E-07
1109	8.37E-08
1110	1.17E-07
1111	1.33E-07
1112	2.50E-07
1113	4.70E-07
1114	4.01E-07
1115	3.21E-07
1116	3.14E-07
1117	1.74E-07
1118	1.02E-07
1119	3.20E-08
1120	1.74E-07
1121	1.61E-07
1122	6.14E-08
1123	1.43E-07
1124	1.35E-07
1125	1.76E-07
1126	2.77E-07
1127	2.29E-07
1128	6.74E-08
1129	2.17E-08
1130	1.17E-07
1131	1.74E-07
1132	8.90E-08
1133	3.68E-07
1134	2.56E-07
1135	4.12E-07
1136	3.18E-07
1137	1.37E-07
1138	1.43E-07
1139	1.29E-07
1140	1.63E-07
1141	2.23E-07
1142	2.10E-07
1143	2.62E-07
1144	3.17E-07
1145	4.64E-08
1146	2.69E-07
1147	1.26E-07
1148	2.83E-07
1149	3.72E-07
1150	3.57E-07
1151	5.70E-07
1152	5.34E-07
1153	2.03E-07
1154	4.86E-08
1155	1.28E-07
1156	2.54E-07
1157	2.76E-07
1158	9.33E-08
1159	3.68E-07
1160	2.61E-07
1161	8.51E-08
1162	1.56E-07
1163	2.80E-07
1164	2.24E-07
1165	1.29E-07
1166	2.35E-07
1167	3.14E-07
1168	4.53E-07
1169	2.08E-07
1170	1.33E-07
1171	2.05E-07
1172	2.53E-07
1173	8.13E-08
1174	1.03E-07
1175	2.00E-07
1176	1.69E-07
1177	2.34E-07
1178	2.97E-07
1179	2.24E-07
1180	1.71E-07
1181	1.59E-07
1182	2.67E-07
1183	3.23E-07
1184	2.33E-07
1185	1.07E-07
1186	3.39E-08
1187	1.00E-07
1188	2.04E-07
1189	2.04E-07
1190	1.04E-07
1191	5.02E-08
1192	1.69E-07
1193	1.74E-07
1194	1.84E-07
1195	3.01E-07
1196	3.07E-07
1197	2.88E-07
1198	2.15E-07
1199	3.10E-07
1200	2.56E-07
1201	1.18E-07
1202	3.16E-07
1203	1.71E-07
1204	3.39E-07
1205	4.76E-07
1206	3.59E-07
1207	2.13E-07
1208	3.90E-08
1209	4.57E-07
1210	4.78E-07
1211	1.40E-07
1212	2.40E-07
1213	3.23E-07
1214	4.83E-07
1215	1.61E-07
1216	2.91E-07
1217	2.20E-07
1218	4.18E-07
1219	2.77E-07
1220	1.51E-07
1221	3.31E-07
1222	2.49E-07
1223	1.75E-07
1224	3.44E-07
1225	2.30E-07
1226	2.06E-07
1227	1.89E-07
1228	2.19E-07
1229	2.59E-07
1230	2.79E-07
1231	3.57E-07
1232	1.60E-07
1233	1.97E-07
1234	5.96E-09
1235	2.27E-07
1236	7.57E-08
1237	4.88E-07
1238	4.00E-07
1239	2.48E-07
1240	1.34E-07
1241	3.01E-08
1242	2.48E-07
1243	2.75E-07
1244	2.66E-07
1245	2.40E-07
1246	2.39E-07
1247	6.50E-08
1248	1.69E-07
1249	1.56E-07
1250	1.03E-07
1251	1.41E-07
1252	1.92E-07
1253	2.28E-07
1254	1.16E-07
1255	1.93E-07
1256	4.80E-07
1257	5.14E-07
1258	2.29E-07
1259	8.72E-08
1260	1.63E-07
1261	6.35E-08
1262	2.58E-07
1263	3.22E-07
1264	2.04E-07
1265	2.14E-07
1266	3.68E-07
1267	5.56E-07
1268	3.94E-07
1269	3.80E-07
1270	3.92E-07
1271	1.57E-07
1272	2.58E-07
1273	4.89E-07
1274	3.48E-07
1275	2.57E-07
1276	1.61E-07
1277	1.73E-07
1278	1.69E-07
1279	2.54E-07
1280	2.63E-07
1281	2.71E-07
1282	1.58E-07
1283	1.31E-07
1284	9.01E-08
1285	2.19E-07
1286	2.15E-07
1287	3.84E-08
1288	1.89E-07
1289	2.93E-07
1290	3.19E-07
1291	7.76E-08
1292	2.09E-07
1293	2.25E-07
1294	1.88E-07
1295	2.91E-07
1296	1.74E-07
1297	1.68E-07
1298	1.94E-07
1299	2.45E-07
1300	3.50E-07
1301	2.15E-07
1302	2.56E-07
1303	4.52E-07
1304	4.10E-07
1305	2.82E-07
1306	3.34E-07
1307	1.81E-07
1308	1.98E-07
1309	2.62E-07
1310	1.08E-07
1311	2.07E-07
1312	1.80E-07
1313	7.87E-08
1314	8.43E-08
1315	2.23E-07
1316	1.47E-07
1317	1.49E-07
1318	3.33E-07
1319	3.17E-07
1320	9.24E-08
1321	1.40E-07
1322	3.13E-07
1323	3.01E-07
1324	3.91E-08
1325	2.05E-07
1326	2.66E-07
1327	2.38E-07
1328	8.56E-08
1329	2.09E-07
1330	2.72E-07
1331	6.67E-08
1332	1.90E-07
1333	1.57E-07
1334	2.50E-07
1335	5.82E-08
1336	9.41E-08
1337	1.98E-07
1338	2.40E-07
1339	2.25E-07
1340	6.14E-08
1341	1.84E-07
1342	8.89E-08
1343	1.87E-07
1344	1.02E-07
1345	1.07E-07
1346	2.92E-07
1347	1.08E-07
1348	2.19E-07
1349	1.54E-07
1350	1.55E-07
1351	1.84E-07
1352	3.55E-07
1353	1.92E-07
1354	2.38E-07
1355	2.97E-07
1356	3.25E-07
1357	4.63E-07
1358	2.60E-07
1359	2.78E-07
1360	4.32E-07
1361	3.26E-07
1362	1.05E-07
1363	1.36E-07
1364	2.24E-07
1365	7.57E-09
1366	2.43E-07
1367	2.68E-07
1368	2.39E-07
1369	3.12E-07
1370	4.55E-07
1371	2.94E-07
1372	4.38E-08
1373	9.43E-08
1374	1.90E-07
1375	1.52E-07
1376	1.33E-07
1377	1.70E-07
1378	1.20E-07
1379	2.62E-07
1380	7.74E-08
1381	1.28E-07
1382	9.04E-08
1383	2.45E-07
1384	4.30E-07
1385	2.91E-07
1386	3.02E-07
1387	4.05E-07
1388	7.74E-08
1389	2.99E-07
1390	3.32E-07
1391	4.16E-07
1392	3.04E-07
1393	3.63E-07
1394	3.02E-07
1395	6.50E-08
1396	3.20E-08
1397	1.66E-07
1398	4.20E-07
1399	4.76E-07
1400	1.80E-07
1401	1.03E-07
1402	2.24E-07
1403	2.45E-07
1404	1.25E-07
1405	4.24E-07
1406	5.08E-07
1407	3.71E-07
1408	5.59E-07
1409	4.04E-07
1410	6.48E-08
1411	2.49E-07
1412	3.50E-07
1413	4.65E-07
1414	4.13E-07
1415	1.46E-07
1416	4.71E-08
1417	9.05E-08
1418	2.41E-07
1419	1.53E-07
1420	2.60E-07
1421	1.85E-07
1422	1.12E-07
1423	4.31E-07
1424	4.86E-07
1425	3.27E-07
1426	2.10E-07
1427	1.18E-07
1428	1.49E-07
1429	2.25E-07
1430	4.05E-08
1431	4.24E-07
1432	3.42E-07
1433	1.71E-07
1434	2.06E-07
1435	1.59E-07
1436	2.09E-07
1437	8.93E-08
1438	2.16E-07
1439	1.03E-07
1440	3.70E-07
1441	3.40E-07
1442	2.00E-07
1443	4.02E-07
1444	6.00E-07
1445	4.89E-07
1446	2.55E-07
1447	2.12E-07
1448	7.25E-08
1449	2.03E-07
1450	1.47E-07
1451	1.91E-07
1452	3.50E-07
1453	2.69E-07
1454	3.41E-07
1455	4.94E-07
1456	2.99E-07
1457	2.48E-07
1458	1.15E-07
1459	1.29E-07
1460	7.31E-08
1461	9.60E-08
1462	3.30E-08
1463	8.46E-08
1464	5.44E-08
1465	1.26E-07
1466	2.62E-07
1467	1.33E-07
1468	9.07E-08
1469	1.60E-07
1470	2.12E-07
1471	1.97E-07
1472	3.43E-07
1473	3.15E-07
1474	2.79E-07
1475	1.02E-07
1476	3.97E-07
1477	5.78E-07
1478	4.08E-07
1479	6.14E-08
1480	2.52E-07
1481	2.43E-07
1482	1.90E-07
1483	3.87E-08
1484	2.17E-07
1485	3.52E-07
1486	2.61E-07
1487	3.41E-07
1488	1.64E-07
1489	1.01E-07
1490	9.16E-08
1491	1.12E-07
1492	2.09E-07
1493	3.04E-07
1494	2.86E-07
1495	1.28E-07
1496	1.46E-07
1497	1.16E-07
1498	1.97E-07
1499	2.36E-07
1500	3.63E-07
1501	4.45E-07
1502	4.23E-07
1503	4.33E-07
1504	5.51E-07
1505	4.60E-07
1506	2.74E-07
1507	1.46E-07
1508	2.23E-07
1509	1.73E-07
1510	3.23E-07
1511	3.54E-07
1512	3.42E-07
1513	2.71E-07
1514	7.70E-08
1515	1.35E-07
1516	1.11E-07
1517	3.94E-07
1518	4.09E-07
1519	2.38E-07
1520	6.17E-08
1521	2.25E-07
1522	7.07E-08
1523	3.60E-07
1524	3.62E-07
1525	1.48E-07
1526	1.09E-07
1527	2.92E-07
1528	3.64E-07
1529	1.59E-07
1530	2.54E-07
1531	1.36E-07
1532	4.35E-07
1533	2.69E-07
1534	1.40E-07
1535	3.37E-07
1536	4.53E-07
1537	2.98E-07
1538	1.92E-07
1539	3.39E-07
1540	1.12E-07
1541	2.41E-07
1542	2.75E-07
1543	2.55E-07
1544	1.08E-07
1545	1.80E-07
1546	3.62E-07
1547	2.84E-07
1548	2.75E-07
1549	4.50E-07
1550	3.95E-07
1551	3.09E-07
1552	1.85E-07
1553	3.64E-07
1554	4.15E-07
1555	2.91E-07
1556	3.97E-07
1557	4.04E-07
1558	2.36E-07
1559	2.38E-07
1560	1.29E-07
1561	1.95E-07
1562	1.01E-07
1563	6.75E-08
1564	1.55E-07
1565	1.09E-07
1566	4.66E-07
1567	3.74E-07
1568	1.90E-07
1569	1.65E-07
1570	2.20E-07
1571	3.64E-07
1572	4.17E-07
1573	2.51E-07
1574	3.77E-07
1575	4.16E-07
1576	1.19E-07
1577	1.88E-07
1578	1.43E-07
1579	3.04E-07
1580	1.70E-07
1581	1.74E-07
1582	2.96E-07
1583	1.14E-07
1584	2.70E-07
1585	1.03E-07
1586	4.20E-07
1587	4.19E-07
1588	2.38E-07
1589	1.88E-07
1590	9.75E-08
1591	5.09E-08
1592	8.35E-08
1593	8.37E-08
1594	2.29E-07
1595	2.99E-07
1596	3.73E-07
1597	4.53E-07
1598	1.83E-07
1599	3.19E-08
1600	3.13E-07
1601	3.56E-07
1602	2.79E-07
1603	4.06E-07
1604	3.53E-07
1605	2.03E-07
1606	3.24E-08
1607	2.87E-07
1608	4.00E-07
1609	2.28E-07
1610	1.60E-07
1611	3.10E-07
1612	1.64E-07
1613	1.32E-07
1614	8.08E-08
1615	2.06E-07
1616	2.96E-07
1617	2.51E-07
1618	3.34E-07
1619	2.97E-07
1620	2.84E-07
1621	1.06E-07
1622	2.24E-07
1623	2.34E-07
1624	1.54E-07
1625	3.34E-07
1626	5.35E-07
1627	6.34E-07
1628	5.14E-07
1629	2.37E-07
1630	9.45E-08
1631	1.73E-07
1632	6.96E-08
1633	1.63E-07
1634	2.14E-07
1635	1.29E-07
1636	1.89E-07
1637	3.36E-07
1638	1.18E-07
1639	9.75E-08
1640	4.32E-07
1641	2.38E-07
1642	3.83E-07
1643	6.26E-07
1644	3.98E-07
1645	2.68E-07
1646	2.65E-07
1647	1.73E-07
1648	2.30E-07
1649	2.50E-07
1650	1.45E-07
1651	2.26E-07
1652	4.07E-07
1653	2.84E-07
1654	1.61E-07
1655	3.23E-07
1656	2.82E-07
1657	6.07E-07
1658	6.96E-07
1659	3.32E-07
1660	2.77E-08
1661	1.48E-07
1662	2.51E-07
1663	1.83E-07
1664	2.12E-07
1665	4.26E-07
1666	1.60E-07
1667	2.10E-07
1668	1.45E-07
1669	1.33E-07
1670	3.34E-07
1671	5.10E-07
1672	2.21E-07
1673	1.10E-07
1674	2.14E-07
1675	1.44E-07
1676	1.03E-07
1677	2.04E-07
1678	9.72E-08
1679	1.76E-07
1680	2.57E-07
1681	1.77E-07
1682	5.10E-08
1683	1.87E-07
1684	3.45E-07
1685	2.87E-07
1686	3.15E-07
1687	3.82E-07
1688	3.54E-07
1689	3.37E-07
1690	3.35E-07
1691	3.67E-07
1692	1.90E-07
1693	2.50E-07
1694	4.14E-07
1695	4.12E-07
1696	3.70E-08
1697	2.51E-07
1698	1.97E-07
1699	1.72E-07
1700	6.48E-08
1701	1.25E-07
1702	2.54E-07
1703	3.14E-07
1704	2.68E-07
1705	2.03E-07
1706	1.26E-07
1707	1.68E-07
1708	2.31E-07
1709	1.25E-07
1710	3.82E-08
1711	1.90E-07
1712	2.15E-07
1713	2.49E-07
1714	2.65E-07
1715	2.70E-07
1716	3.30E-07
1717	3.24E-07
1718	3.18E-07
1719	3.55E-08
1720	1.92E-07
1721	8.23E-08
1722	4.28E-07
1723	4.97E-07
1724	4.23E-07
1725	1.40E-07
1726	2.40E-07
1727	3.14E-07
1728	4.19E-07
1729	3.40E-07
1730	3.68E-07
1731	3.77E-07
1732	2.51E-07
1733	5.84E-08
1734	1.97E-07
1735	2.39E-07
1736	1.71E-07
1737	1.08E-07
1738	6.39E-08
1739	2.36E-07
1740	9.14E-08
1741	2.82E-07
1742	2.84E-07
1743	2.07E-07
1744	1.03E-07
1745	1.62E-07
1746	1.78E-07
1747	1.63E-07
1748	1.01E-07
1749	2.27E-07
1750	1.90E-07
1751	1.25E-07
1752	1.54E-07
1753	4.62E-08
1754	5.73E-08
1755	1.69E-07
1756	2.36E-07
1757	3.42E-07
1758	1.03E-07
1759	2.33E-07
1760	3.23E-07
1761	2.12E-07
1762	7.85E-08
1763	4.03E-07
1764	3.52E-07
1765	1.51E-07
1766	1.67E-07
1767	1.82E-07
1768	3.72E-08
1769	1.92E-07
1770	1.76E-07
1771	1.53E-07
1772	7.67E-08
1773	3.37E-08
1774	1.40E-07
1775	3.07E-07
1776	5.09E-07
1777	3.89E-07
1778	2.27E-07
1779	3.43E-07
1780	4.17E-07
1781	1.33E-07
1782	2.20E-07
1783	5.45E-07
1784	2.97E-07
1785	1.33E-07
1786	1.55E-07
1787	1.98E-07
1788	1.51E-07
1789	1.52E-07
1790	1.00E-07
1791	3.69E-08
1792	5.17E-08
1793	2.34E-07
1794	5.00E-07
1795	4.45E-07
1796	4.59E-07
1797	2.70E-07
1798	2.93E-07
1799	4.80E-07
1800	3.99E-07
1801	1.58E-07
1802	5.37E-07
1803	4.45E-07
1804	1.53E-07
1805	5.61E-08
1806	7.44E-08
1807	2.07E-07
1808	1.41E-07
1809	2.05E-07
1810	1.82E-07
1811	4.25E-07
1812	2.99E-07
1813	2.42E-07
1814	2.46E-07
1815	1.74E-07
1816	1.95E-07
1817	2.30E-07
1818	1.70E-07
1819	2.41E-07
1820	2.29E-07
1821	1.53E-07
1822	5.08E-07
1823	4.44E-07
1824	1.48E-07
1825	1.16E-07
1826	1.78E-07
1827	3.23E-07
1828	3.77E-07
1829	1.09E-07
1830	2.44E-07
1831	1.98E-07
1832	9.84E-08
1833	1.75E-07
1834	2.01E-07
1835	1.74E-07
1836	2.32E-07
1837	3.27E-07
1838	2.06E-07
1839	1.30E-07
1840	2.61E-07
1841	2.84E-07
1842	4.79E-07
1843	6.28E-07
1844	2.82E-07
1845	1.26E-07
1846	1.04E-07
1847	3.03E-07
1848	2.39E-07
1849	1.80E-07
1850	2.56E-08
1851	8.99E-08
1852	2.33E-07
1853	2.62E-07
1854	2.90E-07
1855	3.43E-07
1856	1.24E-07
1857	5.48E-08
1858	2.18E-07
1859	2.89E-07
1860	1.63E-07
1861	2.39E-07
1862	2.07E-07
1863	1.01E-07
1864	1.08E-07
1865	2.25E-07
1866	2.38E-07
1867	3.59E-07
1868	4.34E-07
1869	3.87E-07
1870	3.49E-07
1871	3.98E-07
1872	4.03E-07
1873	2.86E-07
1874	7.75E-08
1875	1.68E-07
1876	2.01E-07
1877	1.11E-07
1878	3.81E-07
1879	5.20E-07
1880	2.62E-07
1881	2.77E-07
1882	3.82E-07
1883	1.88E-07
1884	1.11E-07
1885	2.78E-07
1886	4.08E-07
1887	2.96E-07
1888	1.77E-07
1889	1.84E-07
1890	2.05E-07
1891	3.66E-07
1892	3.00E-07
1893	1.15E-07
1894	7.10E-08
1895	5.17E-08
1896	1.96E-07
1897	3.22E-07
1898	1.90E-07
1899	2.21E-07
1900	3.49E-07
1901	3.33E-07
1902	3.01E-07
1903	1.94E-07
1904	4.02E-07
1905	3.79E-07
1906	3.09E-07
1907	2.25E-07
1908	9.67E-08
1909	9.67E-08
1910	9.35E-08
1911	2.13E-07
1912	2.15E-07
1913	4.87E-07
1914	5.59E-07
1915	3.50E-07
1916	7.75E-07
1917	5.67E-07
1918	2.85E-07
1919	1.81E-07
1920	5.81E-08
1921	1.50E-07
1922	3.02E-07
1923	3.81E-07
1924	1.64E-07
1925	1.17E-07
1926	3.86E-07
1927	1.49E-07
1928	1.45E-07
1929	3.22E-07
1930	1.16E-07
1931	2.28E-07
1932	2.41E-07
1933	2.50E-07
1934	5.66E-07
1935	6.75E-07
1936	5.70E-07
1937	3.67E-07
1938	2.60E-07
1939	2.00E-07
1940	1.05E-07
1941	3.34E-07
1942	5.43E-07
1943	3.61E-07
1944	3.20E-07
1945	3.05E-07
1946	7.30E-08
1947	2.13E-07
1948	1.01E-07
1949	1.32E-07
1950	1.59E-07
1951	2.59E-07
1952	2.01E-07
1953	1.26E-07
1954	1.15E-07
1955	1.12E-07
1956	2.32E-07
1957	2.53E-07
1958	2.93E-07
1959	3.41E-07
1960	3.64E-07
1961	2.87E-07
1962	4.64E-07
1963	3.05E-07
1964	1.54E-07
1965	1.73E-07
1966	1.52E-07
1967	3.16E-07
1968	1.71E-07
1969	2.30E-07
1970	3.31E-07
1971	1.43E-07
1972	4.51E-07
1973	4.61E-07
1974	1.54E-07
1975	1.76E-07
1976	1.50E-07
1977	3.63E-07
1978	1.39E-07
1979	1.94E-07
1980	8.36E-08
1981	1.66E-07
1982	1.66E-07
1983	1.52E-07
1984	4.64E-08
1985	9.58E-08
1986	2.52E-07
1987	3.14E-07
1988	1.32E-07
1989	1.77E-07
1990	3.87E-08
1991	5.56E-08
1992	2.23E-07
1993	3.60E-07
1994	3.91E-07
1995	4.76E-07
1996	4.93E-07
1997	3.00E-07
1998	1.77E-07
1999	1.91E-07
2000	8.41E-08
2001	2.54E-07
2002	2.44E-07
2003	1.60E-07
2004	4.61E-07
2005	3.65E-07
2006	1.18E-07
2007	1.69E-07
2008	3.37E-08
2009	2.78E-07
2010	4.25E-07
2011	5.35E-07
2012	2.97E-07
2013	1.29E-07
2014	4.94E-08
2015	1.12E-07
2016	4.53E-08
2017	1.08E-07
2018	2.62E-07
2019	5.59E-07
2020	3.48E-07
2021	3.37E-07
2022	3.99E-07
2023	1.97E-07
2024	9.13E-08
2025	4.42E-08
2026	1.02E-07
2027	2.34E-07
2028	2.78E-07
2029	3.12E-07
2030	5.20E-07
2031	6.42E-07
2032	3.65E-07
2033	2.02E-07
2034	3.64E-07
2035	3.07E-07
2036	4.38E-07
2037	4.21E-07
2038	3.16E-07
2039	2.46E-07
2040	2.00E-07
2041	2.24E-07
2042	6.03E-08
2043	1.44E-07
2044	3.28E-07
2045	3.85E-07
2046	3.55E-07
2047	3.31E-07
2048	3.84E-07
2049	2.94E-07
2050	1.50E-07
2051	8.27E-08
2052	2.33E-07
2053	2.73E-07
2054	8.46E-08
2055	2.49E-07
2056	2.19E-07
2057	1.29E-07
2058	2.19E-07
2059	3.43E-07
2060	7.96E-08
2061	9.70E-08
2062	1.14E-07
2063	1.91E-07
2064	6.69E-08
2065	2.54E-07
2066	1.72E-07
2067	1.00E-07
2068	3.80E-07
2069	2.82E-07
2070	3.99E-07
2071	3.11E-07
2072	2.04E-07
2073	2.08E-07
2074	9.97E-08
2075	1.22E-07
2076	2.73E-07
2077	3.43E-07
2078	1.67E-07
2079	2.66E-07
2080	2.88E-07
2081	2.44E-07
2082	3.12E-07
2083	9.48E-08
2084	1.13E-07
2085	1.97E-07
2086	3.24E-07
2087	5.36E-08
2088	2.30E-07
2089	3.19E-07
2090	2.61E-07
2091	3.08E-07
2092	4.70E-07
2093	2.99E-07
2094	3.20E-08
2095	6.45E-08
2096	2.23E-07
2097	2.14E-07
2098	3.76E-07
2099	2.94E-07
2100	1.76E-07
2101	1.62E-07
2102	1.92E-07
2103	3.12E-07
2104	1.83E-07
2105	1.13E-07
2106	4.74E-08
2107	2.30E-07
2108	1.37E-07
2109	1.26E-07
2110	6.96E-08
2111	3.00E-08
2112	2.62E-07
2113	4.35E-07
2114	3.07E-07
2115	2.05E-07
2116	5.03E-08
2117	1.53E-07
2118	1.70E-07
2119	3.15E-07
2120	3.28E-07
2121	1.94E-07
2122	2.14E-07
2123	1.24E-07
2124	6.28E-08
2125	4.57E-08
2126	9.39E-08
2127	2.87E-07
2128	2.32E-07
2129	3.37E-07
2130	1.56E-07
2131	1.23E-07
2132	1.64E-07
2133	2.96E-07
2134	1.90E-07
2135	1.49E-07
2136	5.36E-08
2137	7.47E-08
2138	4.14E-07
2139	5.23E-07
2140	3.53E-07
2141	2.13E-07
2142	7.45E-08
2143	2.41E-07
2144	2.23E-07
2145	9.34E-08
2146	1.76E-07
2147	2.45E-07
2148	2.29E-07
2149	6.93E-08
2150	2.12E-07
2151	3.29E-07
2152	2.26E-07
2153	4.47E-07
2154	4.44E-07
2155	1.18E-07
2156	2.13E-07
2157	1.45E-07
2158	1.40E-07
2159	2.11E-07
2160	2.25E-07
2161	3.58E-07
2162	3.11E-07
2163	2.50E-07
2164	2.94E-07
2165	2.62E-07
2166	3.70E-07
2167	4.14E-07
2168	2.82E-07
2169	1.71E-07
2170	2.43E-07
2171	6.11E-08
2172	1.68E-07
2173	1.87E-07
2174	1.36E-07
2175	2.60E-07
2176	1.98E-07
2177	2.39E-07
2178	2.70E-07
2179	3.78E-07
2180	2.10E-07
2181	1.71E-07
2182	1.66E-07
2183	2.27E-07
2184	1.69E-07
2185	5.74E-08
2186	1.23E-07
2187	7.71E-08
2188	3.21E-07
2189	2.40E-07
2190	8.01E-08
2191	1.14E-07
2192	4.32E-07
2193	4.44E-07
2194	1.90E-07
2195	2.26E-07
2196	2.58E-07
2197	7.29E-08
2198	7.65E-08
2199	2.48E-07
2200	2.99E-07
2201	2.25E-07
2202	1.31E-07
2203	1.81E-07
2204	3.66E-07
2205	1.56E-07
2206	1.25E-07
2207	7.02E-08
2208	1.29E-07
2209	1.15E-07
2210	3.02E-07
2211	3.54E-07
2212	4.27E-07
2213	2.96E-07
2214	2.13E-07
2215	4.02E-07
2216	4.21E-07
2217	1.98E-07
2218	1.42E-07
2219	2.59E-07
2220	2.77E-07
2221	1.67E-07
2222	1.55E-07
2223	6.92E-08
2224	2.19E-07
2225	2.54E-07
2226	1.63E-08
2227	1.48E-07
2228	2.21E-07
2229	8.35E-08
2230	1.02E-07
2231	1.53E-07
2232	1.68E-07
2233	3.48E-07
2234	3.33E-07
2235	1.66E-07
2236	1.20E-07
2237	9.15E-08
2238	2.95E-07
2239	2.61E-07
2240	7.76E-08
2241	2.22E-07
2242	1.51E-07
2243	4.12E-07
2244	2.63E-07
2245	1.60E-07
2246	2.51E-07
2247	3.14E-07
2248	3.70E-07
2249	3.86E-07
2250	3.50E-07
2251	1.80E-07
2252	2.41E-07
2253	2.92E-07
2254	2.86E-07
2255	3.31E-07
2256	3.65E-07
2257	2.34E-07
2258	8.53E-08
2259	6.15E-08
2260	1.85E-07
2261	2.69E-07
2262	2.57E-07
2263	2.90E-07
2264	4.28E-07
2265	4.79E-07
2266	3.32E-07
2267	1.10E-07
2268	2.43E-07
2269	4.00E-07
2270	2.28E-07
2271	8.55E-08
2272	1.81E-07
2273	1.94E-07
2274	5.21E-08
2275	1.95E-07
2276	1.60E-07
2277	1.72E-07
2278	3.04E-07
2279	1.73E-07
2280	2.40E-07
2281	2.49E-07
2282	8.55E-08
2283	2.89E-07
2284	4.19E-07
2285	2.29E-07
2286	9.59E-08
2287	2.08E-07
2288	4.87E-08
2289	3.58E-08
2290	1.64E-07
2291	9.25E-08
2292	1.27E-07
2293	6.45E-08
2294	1.46E-07
2295	1.15E-07
2296	7.44E-08
2297	1.01E-07
2298	3.89E-07
2299	5.63E-07
2300	3.96E-07
2301	1.14E-07
2302	2.69E-07
2303	1.61E-07
2304	2.36E-07
2305	1.97E-07
2306	3.32E-07
2307	3.54E-07
2308	5.94E-08
2309	2.48E-07
2310	3.56E-07
2311	1.84E-07
2312	1.71E-07
2313	1.35E-07
2314	2.23E-07
2315	4.81E-07
2316	4.72E-07
2317	9.27E-08
2318	2.30E-07
2319	1.73E-07
2320	6.96E-08
2321	2.06E-07
2322	2.92E-07
2323	3.95E-07
2324	4.80E-07
2325	2.75E-07
2326	2.15E-07
2327	1.06E-07
2328	1.68E-07
2329	4.19E-07
2330	2.68E-07
2331	1.56E-07
2332	2.74E-07
2333	1.94E-07
2334	3.17E-07
2335	5.46E-08
2336	4.40E-07
2337	3.03E-07
2338	3.19E-07
2339	4.23E-07
2340	1.29E-07
2341	1.83E-07
2342	2.72E-07
2343	3.88E-07
2344	4.19E-07
2345	4.12E-07
2346	3.04E-07
2347	3.06E-07
2348	3.61E-07
2349	2.45E-07
2350	9.37E-08
2351	1.34E-07
2352	2.82E-07
2353	4.12E-07
2354	4.88E-07
2355	3.52E-07
2356	1.10E-07
2357	1.07E-07
2358	2.91E-07
2359	5.72E-07
2360	6.23E-07
2361	3.04E-07
2362	1.72E-07
2363	1.54E-07
2364	1.09E-07
2365	5.37E-08
2366	2.55E-07
2367	4.83E-07
2368	2.51E-07
2369	1.94E-07
2370	1.28E-07
2371	2.31E-07
2372	5.24E-07
2373	4.97E-07
2374	2.11E-07
2375	5.10E-08
2376	3.04E-07
2377	3.39E-07
2378	3.21E-08
2379	1.74E-07
2380	2.28E-07
2381	2.25E-07
2382	4.31E-07
2383	2.01E-07
2384	1.10E-07
2385	9.99E-08
2386	2.56E-07
2387	2.00E-07
2388	2.80E-07
2389	2.08E-07
2390	2.68E-07
2391	5.37E-07
2392	1.81E-07
2393	2.79E-07
2394	3.36E-07
2395	2.96E-07
2396	1.87E-07
2397	1.02E-07
2398	2.99E-07
2399	3.37E-07
2400	2.45E-08
2401	1.83E-07
2402	2.31E-07
2403	1.73E-07
2404	1.22E-07
2405	1.45E-07
2406	1.89E-07
2407	1.98E-07
2408	3.72E-07
2409	4.84E-07
2410	4.00E-07
2411	1.46E-07
2412	1.40E-07
2413	2.42E-07
2414	6.32E-07
2415	4.81E-07
2416	1.66E-07
2417	1.48E-07
2418	2.61E-07
2419	4.09E-07
2420	4.53E-07
2421	2.85E-07
2422	2.71E-08
2423	1.50E-07
2424	2.36E-07
2425	7.24E-08
2426	2.84E-07
2427	3.74E-08
2428	1.79E-07
2429	4.39E-08
2430	2.45E-07
2431	2.50E-07
2432	1.23E-07
2433	3.58E-08
2434	3.71E-08
2435	1.51E-07
2436	1.43E-07
2437	5.02E-08
2438	1.94E-07
2439	3.29E-07
2440	1.42E-07
2441	2.08E-07
2442	2.47E-07
2443	2.20E-07
2444	2.47E-07
2445	3.25E-07
2446	2.14E-07
2447	1.85E-07
2448	2.39E-07
2449	3.03E-07
2450	3.26E-07
2451	1.05E-07
2452	3.98E-07
2453	4.07E-07
2454	3.47E-07
2455	2.48E-07
2456	1.39E-07
2457	8.55E-08
2458	2.30E-07
2459	2.68E-07
2460	2.13E-07
2461	1.41E-07
2462	2.47E-07
2463	2.38E-07
2464	1.82E-07
2465	1.35E-07
2466	5.02E-07
2467	3.97E-07
2468	1.67E-07
2469	2.67E-07
2470	2.97E-07
2471	1.25E-07
2472	3.54E-07
2473	4.99E-07
2474	3.39E-07
2475	1.59E-07
2476	3.83E-07
2477	3.34E-07
2478	2.77E-07
2479	1.84E-07
2480	4.70E-08
2481	8.31E-08
2482	1.39E-07
2483	1.59E-07
2484	3.54E-07
2485	3.56E-07
2486	3.16E-07
2487	3.58E-07
2488	4.83E-07
2489	5.48E-07
2490	4.96E-07
2491	4.32E-07
2492	1.47E-07
2493	7.02E-08
2494	3.36E-07
2495	2.53E-07
2496	2.00E-07
2497	2.68E-07
2498	3.59E-07
2499	8.15E-08
2500	9.16E-08
2501	1.83E-07
2502	2.14E-07
2503	3.57E-08
2504	1.97E-07
2505	1.49E-07
2506	1.99E-07
2507	2.64E-07
2508	2.51E-07
2509	2.20E-07
2510	9.95E-08
2511	1.18E-07
2512	1.09E-07
2513	3.22E-07
2514	3.17E-07
2515	4.70E-07
2516	3.45E-07
2517	7.25E-08
2518	5.66E-08
2519	1.96E-08
2520	1.50E-07
2521	1.71E-07
2522	1.08E-07
2523	4.20E-07
2524	4.13E-07
2525	3.05E-08
2526	5.31E-08
2527	2.22E-07
2528	2.84E-07
2529	3.99E-07
2530	4.75E-07
2531	2.51E-07
2532	1.61E-07
2533	2.09E-07
2534	1.41E-07
2535	2.71E-07
2536	1.70E-07
2537	1.01E-07
2538	6.51E-08
2539	1.33E-07
2540	3.28E-07
2541	1.94E-07
2542	3.71E-07
2543	3.43E-07
2544	4.28E-07
2545	4.99E-07
2546	2.69E-07
2547	3.68E-07
2548	3.04E-07
2549	2.66E-07
2550	1.43E-07
2551	1.84E-07
2552	2.00E-07
2553	1.35E-07
2554	1.52E-07
2555	2.77E-07
2556	8.93E-08
2557	1.21E-07
2558	1.13E-07
2559	3.13E-07
2560	1.31E-07
2561	1.30E-07
2562	1.31E-07
2563	2.46E-07
2564	3.57E-07
2565	1.99E-08
2566	3.69E-07
2567	4.26E-07
2568	2.91E-07
2569	1.69E-07
2570	3.47E-07
2571	1.55E-07
2572	1.90E-07
2573	1.64E-07
2574	3.28E-07
2575	2.37E-07
2576	3.41E-07
2577	6.66E-07
2578	5.98E-07
2579	3.50E-07
2580	1.01E-07
2581	1.64E-07
2582	3.17E-07
2583	3.45E-07
2584	2.81E-07
2585	2.47E-07
2586	3.08E-07
2587	4.41E-07
2588	5.87E-08
2589	3.21E-07
2590	2.64E-07
2591	4.37E-07
2592	3.43E-07
2593	1.28E-07
2594	2.41E-07
2595	1.25E-07
2596	4.09E-07
2597	6.42E-07
2598	4.26E-07
2599	2.88E-07
2600	2.95E-07
2601	2.67E-07
2602	1.78E-07
2603	4.59E-07
2604	4.27E-07
2605	1.42E-07
2606	1.38E-07
2607	8.42E-08
2608	1.99E-07
2609	1.95E-07
2610	3.15E-07
2611	1.24E-07
2612	1.84E-07
2613	3.00E-07
2614	3.51E-07
2615	1.84E-07
2616	2.54E-07
2617	1.97E-07
2618	2.32E-07
2619	2.29E-07
2620	5.11E-08
2621	1.78E-07
2622	2.59E-07
2623	2.42E-07
2624	2.05E-07
2625	2.21E-07
2626	1.45E-07
2627	2.67E-07
2628	2.88E-07
2629	1.77E-07
2630	3.08E-07
2631	9.12E-08
2632	1.68E-07
2633	1.67E-07
2634	2.74E-07
2635	1.17E-07
2636	7.60E-08
2637	1.59E-07
2638	4.09E-07
2639	3.14E-07
2640	2.38E-07
2641	3.31E-07
2642	9.83E-08
2643	1.67E-07
2644	1.72E-07
2645	1.04E-07
2646	2.10E-07
2647	1.37E-07
2648	1.55E-07
2649	6.47E-08
2650	2.02E-07
2651	2.35E-07
2652	2.25E-07
2653	8.75E-08
2654	1.17E-07
2655	2.82E-07
2656	4.03E-07
2657	4.06E-07
2658	3.87E-07
2659	2.56E-07
2660	1.93E-07
2661	3.80E-07
2662	2.48E-07
2663	1.63E-07
2664	2.46E-07
2665	2.32E-07
2666	1.70E-07
2667	2.13E-07
2668	2.79E-07
2669	3.27E-07
2670	9.52E-08
2671	5.10E-07
2672	6.17E-07
2673	1.50E-07
2674	3.35E-07
2675	2.75E-07
2676	2.18E-07
2677	4.66E-08
2678	1.33E-07
2679	2.64E-07
2680	3.38E-07
2681	2.73E-07
2682	2.16E-08
2683	7.13E-08
2684	3.25E-07
2685	1.46E-07
2686	1.39E-07
2687	2.22E-07
2688	1.38E-07
2689	3.90E-07
2690	5.88E-07
2691	4.57E-07
2692	1.06E-07
2693	1.44E-07
2694	2.76E-07
2695	1.38E-07
2696	4.28E-08
2697	1.81E-07
2698	1.80E-07
2699	3.40E-07
2700	2.72E-07
2701	1.34E-07
2702	1.85E-07
2703	2.22E-07
2704	1.38E-07
2705	5.94E-08
2706	1.03E-07
2707	1.11E-08
2708	2.67E-07
2709	3.09E-07
2710	2.16E-07
2711	1.30E-07
2712	1.93E-07
2713	3.39E-07
2714	2.10E-07
2715	4.76E-08
2716	1.88E-07
2717	1.78E-07
2718	2.02E-07
2719	1.77E-07
2720	1.85E-08
2721	2.57E-07
2722	2.10E-07
2723	2.21E-07
2724	1.99E-07
2725	4.29E-08
2726	1.43E-07
2727	1.32E-07
2728	2.26E-07
2729	2.19E-07
2730	9.80E-09
2731	2.14E-07
2732	9.33E-08
2733	3.23E-07
2734	3.84E-07
2735	1.53E-07
2736	2.94E-07
2737	3.89E-07
2738	2.67E-07
2739	1.34E-07
2740	2.40E-07
2741	2.69E-07
2742	2.05E-07
2743	1.68E-07
2744	1.42E-07
2745	9.90E-08
2746	1.42E-07
2747	1.36E-07
2748	2.60E-07
2749	2.66E-07
2750	1.88E-07
2751	2.20E-07
2752	1.63E-07
2753	4.13E-07
2754	3.22E-08
2755	4.47E-07
2756	2.34E-07
2757	1.83E-07
2758	1.00E-07
2759	2.02E-07
2760	2.38E-07
2761	1.23E-07
2762	2.99E-08
2763	2.86E-07
2764	1.18E-07
2765	2.28E-07
2766	4.37E-07
2767	3.56E-07
2768	2.62E-07
2769	1.81E-07
2770	2.34E-07
2771	3.63E-07
2772	2.34E-07
2773	3.36E-07
2774	5.95E-07
2775	2.35E-07
2776	2.95E-07
2777	4.33E-07
2778	4.25E-07
2779	1.66E-07
2780	1.42E-07
2781	1.64E-07
2782	5.14E-07
2783	4.48E-07
2784	1.98E-07
2785	2.19E-07
2786	2.75E-07
2787	2.41E-07
2788	2.46E-07
2789	1.02E-07
2790	3.13E-07
2791	3.41E-07
2792	2.79E-07
2793	2.20E-07
2794	2.00E-07
2795	3.29E-07
2796	3.07E-07
2797	9.50E-09
2798	1.90E-07
2799	1.25E-07
2800	2.02E-07
2801	3.59E-07
2802	3.93E-07
2803	1.78E-07
2804	1.24E-07
2805	1.88E-07
2806	9.25E-08
2807	3.10E-07
2808	3.90E-07
2809	7.27E-08
2810	4.13E-07
2811	5.26E-07
2812	4.65E-07
2813	1.40E-07
2814	1.66E-07
2815	1.34E-07
2816	1.32E-07
2817	1.70E-07
2818	7.92E-08
2819	3.94E-08
2820	1.17E-07
2821	1.84E-07
2822	3.03E-07
2823	2.71E-07
2824	2.88E-07
2825	3.66E-07
2826	4.77E-07
2827	2.50E-07
2828	1.82E-07
2829	4.79E-07
2830	5.49E-07
2831	2.97E-07
2832	1.18E-07
2833	3.92E-07
2834	2.07E-07
2835	2.73E-07
2836	4.72E-07
2837	4.33E-07
2838	2.56E-07
2839	8.05E-08
2840	3.05E-07
2841	8.98E-08
2842	8.89E-08
2843	1.43E-07
2844	2.37E-07
2845	2.38E-07
2846	1.15E-07
2847	1.16E-07
2848	7.03E-08
2849	1.23E-07
2850	2.65E-07
2851	1.08E-07
2852	2.39E-07
2853	2.49E-07
2854	2.36E-07
2855	1.96E-07
2856	1.34E-07
2857	6.75E-08
2858	7.17E-08
2859	6.75E-08
2860	1.10E-07
2861	1.01E-07
2862	1.89E-07
2863	4.64E-07
2864	5.85E-07
2865	6.09E-07
2866	5.97E-07
2867	4.78E-07
2868	4.27E-07
2869	1.90E-07
2870	1.11E-07
2871	2.05E-07
2872	1.66E-07
2873	1.24E-07
2874	2.84E-07
2875	3.36E-07
2876	2.65E-07
2877	2.08E-07
2878	1.33E-07
2879	1.01E-07
2880	1.82E-07
2881	1.99E-07
2882	1.60E-07
2883	1.64E-07
2884	3.21E-07
2885	3.93E-07
2886	4.12E-07
2887	2.70E-07
2888	1.07E-07
2889	1.58E-07
2890	1.10E-07
2891	6.24E-08
2892	7.68E-08
2893	2.08E-07
2894	2.96E-07
2895	3.73E-07
2896	2.09E-07
2897	7.59E-08
2898	2.75E-07
2899	2.12E-07
2900	3.24E-07
2901	1.92E-07
2902	3.02E-07
2903	5.95E-07
2904	3.64E-07
2905	1.43E-07
2906	3.61E-07
2907	4.15E-07
2908	2.46E-07
2909	1.75E-07
2910	3.26E-07
2911	1.86E-07
2912	5.69E-08
2913	2.28E-07
2914	3.62E-07
2915	4.62E-07
2916	5.60E-07
2917	4.53E-07
2918	2.74E-07
2919	1.89E-07
2920	3.04E-07
2921	3.15E-07
2922	4.32E-07
2923	3.98E-07
2924	2.19E-07
2925	2.13E-07
2926	2.47E-07
2927	2.02E-07
2928	5.46E-07
2929	5.40E-07
2930	2.02E-07
2931	1.35E-07
2932	1.57E-07
2933	2.64E-07
2934	2.44E-07
2935	2.30E-07
2936	2.73E-07
2937	1.67E-07
2938	1.80E-07
2939	1.17E-07
2940	1.95E-07
2941	1.74E-07
2942	3.66E-07
2943	3.41E-07
2944	1.53E-07
2945	1.07E-07
2946	4.32E-07
2947	4.83E-07
2948	1.49E-07
2949	6.92E-08
2950	3.29E-07
2951	2.24E-07
2952	2.01E-07
2953	3.51E-07
2954	3.24E-07
2955	8.63E-08
2956	1.56E-07
2957	3.64E-07
2958	1.91E-07
2959	1.92E-07
2960	2.01E-07
2961	1.49E-07
2962	6.54E-08
2963	6.49E-08
2964	1.34E-07
2965	1.48E-07
2966	4.09E-07
2967	2.90E-07
2968	2.77E-07
2969	2.56E-07
2970	1.30E-07
2971	1.45E-07
2972	1.05E-07
2973	8.66E-08
2974	2.34E-07
2975	2.65E-07
2976	2.77E-07
2977	2.05E-07
2978	4.81E-08
2979	3.29E-07
2980	4.55E-07
2981	3.80E-07
2982	3.08E-07
2983	3.07E-07
2984	1.61E-07
2985	4.03E-08
2986	2.16E-07
2987	4.80E-07
2988	2.50E-07
2989	2.08E-07
2990	5.07E-07
2991	3.96E-07
2992	1.88E-07
2993	3.16E-07
2994	2.07E-07
2995	1.60E-07
2996	5.53E-08
2997	1.08E-07
2998	1.63E-07
2999	1.43E-07
3000	3.45E-07
3001	3.79E-07
3002	2.74E-07
3003	2.30E-07
3004	2.56E-07
3005	2.94E-07
3006	2.66E-07
3007	2.49E-07
3008	1.74E-07
3009	2.12E-07
3010	2.96E-07
3011	3.40E-07
3012	4.37E-07
3013	4.40E-07
3014	4.49E-07
3015	4.49E-07
3016	4.42E-07
3017	1.85E-07
3018	6.95E-08
3019	2.06E-07
3020	1.10E-07
3021	2.26E-07
3022	1.11E-07
3023	1.69E-07
3024	1.84E-07
3025	4.24E-07
3026	3.81E-07
3027	4.22E-07
3028	5.72E-07
3029	3.64E-07
3030	6.23E-09
3031	2.15E-07
3032	3.25E-07
3033	1.14E-07
3034	2.55E-07
3035	5.45E-07
3036	4.74E-07
3037	2.15E-07
3038	1.34E-07
3039	2.65E-07
3040	4.91E-07
3041	4.21E-07
3042	1.79E-07
3043	4.92E-08
3044	1.87E-07
3045	3.48E-07
3046	4.68E-07
3047	2.49E-07
3048	1.10E-07
3049	1.30E-07
3050	2.39E-07
3051	2.66E-07
3052	1.92E-07
3053	4.32E-08
3054	2.84E-07
3055	2.71E-07
3056	5.54E-07
3057	6.17E-07
3058	4.59E-07
3059	4.43E-07
3060	4.57E-07
3061	3.59E-07
3062	1.98E-07
3063	1.84E-07
3064	2.27E-07
3065	1.35E-07
3066	1.61E-07
3067	2.21E-07
3068	3.90E-07
3069	3.61E-07
3070	3.70E-07
3071	3.18E-07
3072	3.82E-07
3073	5.03E-07
3074	1.73E-07
3075	2.22E-07
3076	2.88E-07
3077	2.49E-07
3078	1.17E-07
3079	2.17E-08
3080	1.93E-07
3081	4.52E-07
3082	4.04E-07
3083	4.26E-08
3084	9.96E-08
3085	2.44E-07
3086	3.65E-07
3087	3.75E-07
3088	2.00E-07
3089	1.30E-07
3090	1.91E-07
3091	1.62E-07
3092	2.70E-07
3093	2.81E-07
3094	1.75E-07
3095	2.67E-08
3096	3.70E-07
3097	3.48E-07
3098	3.67E-07
3099	4.66E-07
3100	3.28E-07
3101	2.39E-07
3102	1.92E-07
3103	3.08E-07
3104	3.77E-07
3105	3.73E-07
3106	2.10E-07
3107	1.01E-07
3108	2.03E-07
3109	3.22E-07
3110	1.70E-07
3111	1.36E-07
3112	3.11E-07
3113	2.88E-07
3114	1.61E-07
3115	3.99E-07
3116	1.64E-07
3117	2.88E-07
3118	4.77E-08
3119	3.20E-07
3120	1.27E-07
3121	3.15E-07
3122	1.40E-07
3123	3.65E-07
3124	2.92E-07
3125	1.77E-07
3126	4.27E-07
3127	3.97E-07
3128	2.95E-07
3129	2.64E-07
3130	9.13E-08
3131	2.16E-07
3132	3.35E-07
3133	4.24E-07
3134	4.36E-07
3135	2.70E-07
3136	1.93E-07
3137	2.38E-07
3138	3.99E-08
3139	2.00E-07
3140	1.00E-07
3141	1.69E-07
3142	2.11E-07
3143	4.76E-07
3144	2.37E-07
3145	6.96E-08
3146	2.13E-07
3147	3.41E-07
3148	1.82E-07
3149	2.39E-07
3150	8.09E-08
3151	2.33E-07
3152	4.34E-07
3153	4.38E-07
3154	3.64E-07
3155	2.66E-07
3156	2.57E-07
3157	1.96E-07
3158	1.44E-07
3159	3.20E-07
3160	1.15E-07
3161	1.69E-07
3162	3.39E-07
3163	2.08E-07
3164	3.26E-07
3165	4.58E-07
3166	4.55E-07
3167	4.58E-07
3168	1.88E-07
3169	8.15E-08
3170	6.73E-08
3171	1.92E-07
3172	2.94E-07
3173	2.30E-07
3174	4.05E-07
3175	3.94E-07
3176	1.51E-07
3177	2.01E-07
3178	2.73E-07
3179	1.17E-07
3180	2.69E-07
3181	3.98E-07
3182	2.98E-07
3183	1.02E-07
3184	1.47E-07
3185	1.50E-07
3186	1.15E-07
3187	1.12E-07
3188	2.95E-07
3189	2.79E-07
3190	8.94E-08
3191	2.67E-07
3192	4.10E-07
3193	3.84E-07
3194	3.44E-07
3195	9.10E-08
3196	1.97E-07
3197	2.32E-07
3198	1.90E-07
3199	1.64E-07
3200	1.46E-07
3201	2.37E-07
3202	8.90E-08
3203	3.12E-07
3204	2.15E-07
3205	1.18E-07
3206	8.07E-08
3207	1.77E-07
3208	7.48E-08
3209	4.35E-07
3210	4.63E-07
3211	3.49E-07
3212	4.05E-07
3213	2.70E-07
3214	2.96E-07
3215	2.53E-07
3216	1.64E-07
3217	1.37E-07
3218	4.68E-07
3219	3.92E-07
3220	9.70E-08
3221	1.93E-07
3222	2.00E-07
3223	1.43E-07
3224	4.00E-07
3225	4.46E-07
3226	2.12E-07
3227	1.03E-07
3228	2.25E-07
3229	1.33E-07
3230	1.42E-07
3231	9.15E-08
3232	1.82E-07
3233	1.38E-07
3234	1.41E-07
3235	1.86E-07
3236	7.37E-08
3237	2.50E-07
3238	2.74E-07
3239	1.79E-07
3240	1.87E-07
3241	2.63E-07
3242	1.64E-07
3243	2.17E-07
3244	1.93E-07
3245	2.21E-07
3246	2.31E-07
3247	4.53E-08
3248	9.27E-08
3249	3.26E-07
3250	3.15E-07
3251	2.23E-07
3252	2.35E-07
3253	3.05E-07
3254	1.19E-07
3255	3.00E-07
3256	4.77E-07
3257	3.29E-07
3258	2.27E-07
3259	1.67E-07
3260	2.49E-07
3261	1.88E-07
3262	1.75E-07
3263	1.23E-07
3264	2.52E-07
3265	3.81E-07
3266	4.15E-07
3267	7.21E-08
3268	1.89E-07
3269	4.00E-07
3270	4.62E-07
3271	2.85E-07
3272	2.10E-07
3273	2.85E-07
3274	2.02E-07
3275	2.92E-07
3276	2.25E-07
3277	1.31E-07
3278	5.51E-08
3279	1.91E-07
3280	2.05E-07
3281	2.84E-07
3282	3.30E-07
3283	2.99E-07
3284	2.27E-07
3285	5.69E-08
3286	3.07E-07
3287	3.72E-07
3288	4.44E-08
3289	9.58E-08
3290	1.99E-07
3291	2.48E-07
3292	1.00E-07
3293	3.97E-08
3294	1.86E-07
3295	1.59E-07
3296	1.25E-07
3297	7.43E-08
3298	1.54E-07
3299	1.86E-07
3300	1.04E-07
3301	3.17E-07
3302	3.02E-07
3303	4.62E-07
3304	3.02E-07
3305	2.86E-07
3306	2.16E-07
3307	4.43E-08
3308	1.41E-07
3309	3.80E-07
3310	3.72E-07
3311	2.63E-07
3312	4.08E-07
3313	4.62E-07
3314	3.88E-07
3315	3.25E-07
3316	2.09E-07
3317	2.64E-07
3318	4.67E-07
3319	4.18E-07
3320	3.33E-07
3321	3.87E-07
3322	3.08E-07
3323	7.13E-08
3324	1.84E-07
3325	2.32E-07
3326	3.68E-07
3327	3.42E-07
3328	1.27E-07
3329	5.68E-08
3330	2.82E-07
3331	2.70E-07
3332	1.12E-07
3333	2.11E-07
3334	2.75E-07
3335	3.55E-07
3336	3.46E-07
3337	3.69E-07
3338	1.01E-06
3339	9.66E-07
3340	2.92E-07
3341	3.08E-07
3342	5.82E-07
3343	4.69E-07
3344	2.54E-07
3345	1.18E-07
3346	4.70E-07
3347	5.16E-07
3348	3.14E-07
3349	2.00E-07
3350	1.01E-07
3351	1.36E-07
3352	1.60E-07
3353	2.08E-07
3354	4.66E-07
3355	4.12E-07
3356	3.11E-07
3357	3.12E-07
3358	2.04E-07
3359	2.33E-07
3360	1.25E-07
3361	1.77E-07
3362	2.97E-07
3363	8.42E-08
3364	1.89E-07
3365	7.69E-08
3366	2.49E-07
3367	3.15E-07
3368	2.90E-07
3369	2.15E-07
3370	1.50E-07
3371	8.28E-08
3372	1.53E-07
3373	4.84E-07
3374	4.12E-07
3375	1.39E-07
3376	1.47E-08
3377	5.40E-08
3378	1.28E-07
3379	4.99E-08
3380	1.74E-07
3381	3.03E-07
3382	1.65E-07
3383	8.16E-10
3384	1.17E-07
3385	3.69E-08
3386	1.69E-07
3387	5.15E-08
3388	1.15E-07
3389	6.13E-08
3390	2.45E-07
3391	1.43E-07
3392	1.64E-07
3393	1.07E-07
3394	1.68E-07
3395	2.67E-07
3396	7.75E-08
3397	2.93E-07
3398	2.41E-07
3399	1.77E-07
3400	3.51E-07
3401	3.40E-07
3402	1.17E-07
3403	1.84E-07
3404	4.10E-07
3405	6.31E-07
3406	3.48E-07
3407	2.16E-07
3408	1.19E-07
3409	1.04E-07
3410	2.73E-07
3411	3.52E-07
3412	1.09E-07
3413	5.59E-08
3414	1.24E-07
3415	1.93E-07
3416	4.10E-07
3417	6.16E-07
3418	3.98E-07
3419	1.25E-07
3420	8.04E-08
3421	9.81E-08
3422	3.22E-07
3423	1.98E-07
3424	4.10E-07
3425	2.89E-07
3426	3.16E-07
3427	5.15E-07
3428	2.31E-07
3429	3.75E-08
3430	5.48E-08
3431	2.45E-07
3432	3.05E-07
3433	1.55E-07
3434	3.82E-07
3435	9.11E-08
3436	1.83E-07
3437	1.37E-07
3438	2.87E-07
3439	3.49E-07
3440	3.67E-07
3441	3.96E-07
3442	1.62E-07
3443	1.49E-07
3444	2.41E-07
3445	1.01E-07
3446	2.11E-07
3447	4.20E-07
3448	3.62E-07
3449	2.86E-07
3450	1.65E-07
3451	3.08E-07
3452	3.12E-07
3453	1.78E-07
3454	1.57E-07
3455	1.80E-07
3456	1.61E-07
3457	1.73E-07
3458	1.15E-07
3459	9.53E-08
3460	1.94E-07
3461	1.94E-07
3462	3.76E-07
3463	6.10E-07
3464	4.27E-07
3465	3.26E-07
3466	3.45E-07
3467	1.91E-07
3468	3.02E-07
3469	2.82E-07
3470	3.48E-07
3471	4.15E-07
3472	5.90E-07
3473	5.11E-07
3474	3.41E-07
3475	4.24E-07
3476	3.56E-07
3477	1.49E-07
3478	8.57E-08
3479	1.64E-07
3480	2.39E-07
3481	3.54E-07
3482	5.23E-07
3483	4.46E-07
3484	3.25E-07
3485	2.98E-07
3486	2.43E-07
3487	2.62E-07
3488	1.26E-07
3489	4.27E-08
3490	2.89E-07
3491	2.76E-07
3492	2.71E-07
3493	2.14E-07
3494	4.29E-07
3495	3.19E-07
3496	2.88E-07
3497	2.88E-07
3498	1.44E-07
3499	1.54E-07
3500	2.20E-07
3501	1.27E-07
3502	2.02E-07
3503	1.39E-07
3504	2.45E-07
3505	2.00E-07
3506	3.83E-08
3507	8.13E-08
3508	1.84E-07
3509	2.46E-07
3510	5.99E-07
3511	6.09E-07
3512	2.03E-07
3513	3.68E-08
3514	9.87E-08
3515	2.38E-07
3516	7.29E-08
3517	1.55E-07
3518	1.61E-07
3519	2.81E-07
3520	2.07E-07
3521	2.11E-07
3522	2.98E-07
3523	6.10E-07
3524	6.58E-07
3525	3.08E-07
3526	2.68E-07
3527	3.20E-07
3528	1.46E-07
3529	7.47E-08
3530	2.16E-07
3531	3.60E-08
3532	3.00E-07
3533	2.97E-07
3534	1.74E-07
3535	1.71E-07
3536	1.58E-07
3537	3.94E-07
3538	3.41E-07
3539	6.85E-08
3540	1.84E-07
3541	2.03E-07
3542	3.58E-07
3543	4.02E-07
3544	1.49E-07
3545	2.60E-07
3546	3.76E-07
3547	2.87E-07
3548	2.48E-07
3549	2.50E-07
3550	6.11E-08
3551	4.05E-08
3552	6.88E-08
3553	2.33E-07
3554	2.75E-07
3555	1.69E-07
3556	4.37E-07
3557	1.83E-07
3558	8.31E-08
3559	1.68E-07
3560	2.59E-07
3561	1.68E-07
3562	1.26E-07
3563	3.13E-08
3564	5.24E-08
3565	2.78E-07
3566	2.22E-07
3567	1.35E-07
3568	1.18E-07
3569	1.22E-07
3570	8.54E-08
3571	1.56E-07
3572	1.72E-07
3573	8.68E-08
3574	1.09E-07
3575	4.93E-08
3576	2.09E-07
3577	2.04E-07
3578	1.94E-07
3579	3.44E-07
3580	3.73E-07
3581	2.19E-07
3582	9.13E-08
3583	1.86E-07
3584	2.10E-07
3585	2.18E-07
3586	1.38E-07
3587	3.36E-07
3588	3.41E-07
3589	3.63E-07
3590	3.56E-07
3591	7.98E-08
3592	1.58E-07
3593	7.98E-08
3594	4.54E-08
3595	3.84E-08
3596	1.34E-07
3597	1.27E-07
3598	1.48E-07
3599	3.67E-08
3600	9.03E-08
3601	1.18E-07
3602	2.49E-07
3603	2.38E-07
3604	2.16E-07
3605	4.46E-07
3606	3.01E-07
3607	1.44E-07
3608	2.27E-07
3609	9.51E-08
3610	1.52E-07
3611	1.32E-07
3612	1.11E-07
3613	3.11E-07
3614	3.63E-07
3615	3.08E-07
3616	1.75E-07
3617	2.83E-07
3618	2.44E-07
3619	1.35E-07
3620	1.17E-07
3621	1.17E-07
3622	5.32E-07
3623	7.68E-07
3624	2.97E-07
3625	2.63E-07
3626	1.87E-07
3627	9.72E-08
3628	1.35E-07
3629	3.23E-07
3630	4.56E-07
3631	4.64E-07
3632	4.33E-07
3633	3.77E-07
3634	3.08E-07
3635	3.50E-07
3636	4.76E-07
3637	5.23E-07
3638	3.19E-07
3639	3.09E-08
3640	1.19E-07
3641	4.57E-07
3642	5.36E-07
3643	3.18E-07
3644	2.94E-07
3645	3.64E-07
3646	1.96E-07
3647	2.37E-07
3648	2.33E-07
3649	4.47E-09
3650	1.47E-07
3651	2.37E-07
3652	2.58E-07
3653	6.95E-08
3654	9.34E-08
3655	2.16E-07
3656	1.19E-07
3657	2.96E-07
3658	1.10E-07
3659	3.98E-07
3660	3.95E-07
3661	4.91E-07
3662	3.91E-07
3663	1.09E-07
3664	2.17E-07
3665	2.78E-07
3666	4.69E-07
3667	4.07E-07
3668	2.48E-07
3669	2.24E-07
3670	4.88E-08
3671	2.25E-07
3672	2.15E-07
3673	1.18E-07
3674	1.89E-07
3675	2.60E-07
3676	4.33E-07
3677	1.15E-07
3678	3.48E-07
3679	4.16E-07
3680	4.54E-07
3681	4.70E-07
3682	3.42E-07
3683	2.72E-07
3684	1.70E-07
3685	3.46E-08
3686	2.58E-07
3687	2.91E-07
3688	2.29E-07
3689	3.79E-07
3690	5.45E-07
3691	5.77E-07
3692	4.45E-07
3693	3.54E-07
3694	1.87E-07
3695	2.24E-07
3696	2.79E-07
3697	1.68E-07
3698	2.14E-07
3699	2.87E-07
3700	8.78E-08
3701	1.06E-07
3702	2.16E-07
3703	4.03E-07
3704	3.65E-07
3705	2.45E-07
3706	2.47E-07
3707	2.72E-07
3708	2.31E-07
3709	2.84E-07
3710	3.67E-07
3711	3.66E-07
3712	1.44E-07
3713	6.47E-08
3714	2.65E-07
3715	2.55E-07
3716	3.24E-07
3717	4.79E-07
3718	4.45E-07
3719	5.00E-07
3720	4.08E-07
3721	1.44E-07
3722	7.33E-08
3723	1.84E-07
3724	2.67E-07
3725	2.87E-07
3726	8.96E-08
3727	1.38E-07
3728	1.25E-07
3729	2.48E-07
3730	3.77E-07
3731	1.96E-07
3732	2.60E-07
3733	3.36E-07
3734	2.11E-07
3735	1.18E-07
3736	1.19E-07
3737	1.02E-07
3738	9.17E-08
3739	1.61E-07
3740	2.01E-07
3741	2.78E-07
3742	2.99E-07
3743	2.37E-07
3744	1.91E-07
3745	2.00E-07
3746	1.55E-07
3747	4.52E-07
3748	6.63E-07
3749	5.85E-07
3750	5.52E-07
3751	4.37E-07
3752	5.36E-07
3753	3.11E-07
3754	1.63E-07
3755	2.05E-07
3756	9.90E-08
3757	2.06E-07
3758	1.22E-07
3759	4.33E-07
3760	5.24E-07
3761	3.88E-07
3762	3.48E-07
3763	1.99E-07
3764	5.88E-08
3765	2.18E-07
3766	2.20E-07
3767	8.77E-08
3768	2.38E-07
3769	8.75E-08
3770	2.24E-07
3771	2.04E-07
3772	1.55E-07
3773	1.70E-07
3774	3.98E-07
3775	3.62E-07
3776	4.36E-07
3777	2.55E-07
3778	4.04E-07
3779	4.69E-07
3780	4.52E-07
3781	5.08E-07
3782	3.13E-07
3783	3.13E-07
3784	2.57E-07
3785	3.01E-07
3786	2.35E-07
3787	6.95E-08
3788	2.49E-07
3789	3.03E-07
3790	1.37E-07
3791	1.79E-07
3792	2.43E-07
3793	2.50E-07
3794	3.07E-07
3795	2.77E-07
3796	1.99E-07
3797	1.40E-07
3798	3.98E-07
3799	2.98E-07
3800	2.04E-07
3801	3.12E-07
3802	3.65E-07
3803	1.95E-07
3804	1.28E-07
3805	1.92E-07
3806	2.07E-07
3807	8.85E-08
3808	1.61E-07
3809	1.20E-07
3810	5.45E-08
3811	2.88E-07
3812	3.41E-07
3813	3.05E-07
3814	2.30E-07
3815	3.40E-07
3816	2.50E-07
3817	1.24E-07
3818	2.43E-07
3819	4.64E-07
3820	1.41E-07
3821	4.77E-07
3822	4.96E-07
3823	2.64E-07
3824	1.72E-07
3825	2.55E-07
3826	2.88E-07
3827	1.48E-07
3828	2.76E-07
3829	4.11E-07
3830	5.00E-08
3831	3.64E-07
3832	2.38E-07
3833	2.31E-07
3834	3.92E-07
3835	4.55E-07
3836	1.92E-07
3837	2.06E-07
3838	2.27E-07
3839	1.36E-07
3840	1.07E-07
3841	2.47E-07
3842	1.83E-07
3843	4.20E-07
3844	3.19E-07
3845	3.89E-07
3846	1.45E-07
3847	1.41E-07
3848	1.46E-07
3849	3.12E-07
3850	4.01E-07
3851	1.59E-07
3852	4.16E-07
3853	2.49E-07
3854	1.75E-07
3855	2.59E-07
3856	2.48E-07
3857	2.01E-07
3858	1.75E-07
3859	2.77E-07
3860	4.09E-07
3861	1.70E-07
3862	2.58E-07
3863	1.76E-07
3864	1.01E-07
3865	3.74E-07
3866	4.07E-07
3867	7.14E-08
3868	9.08E-08
3869	1.33E-07
3870	3.89E-07
3871	4.09E-07
3872	2.64E-07
3873	2.10E-07
3874	2.17E-07
3875	3.31E-07
3876	1.37E-07
3877	3.33E-07
3878	5.60E-07
3879	5.21E-07
3880	2.57E-07
3881	3.50E-07
3882	2.88E-07
3883	1.04E-07
3884	2.30E-07
3885	3.63E-07
3886	1.92E-07
3887	1.20E-07
3888	2.61E-07
3889	2.55E-07
3890	1.48E-07
3891	1.38E-07
3892	9.92E-08
3893	2.54E-07
3894	1.93E-07
3895	1.09E-07
3896	2.26E-07
3897	8.92E-08
3898	4.06E-07
3899	5.39E-07
3900	5.25E-07
3901	5.78E-07
3902	3.05E-07
3903	2.27E-07
3904	4.40E-07
3905	3.46E-07
3906	2.29E-07
3907	1.57E-07
3908	9.89E-08
3909	4.36E-07
3910	3.42E-07
3911	1.59E-07
3912	1.86E-07
3913	3.47E-07
3914	4.66E-07
3915	2.00E-07
3916	6.25E-08
3917	1.90E-07
3918	4.98E-07
3919	4.25E-07
3920	3.49E-07
3921	2.31E-07
3922	3.75E-08
3923	8.39E-08
3924	1.65E-07
3925	4.14E-07
3926	2.53E-07
3927	1.42E-07
3928	1.11E-07
3929	1.14E-07
3930	1.47E-07
3931	2.79E-07
3932	3.43E-07
3933	6.01E-07
3934	3.80E-07
3935	2.18E-07
3936	3.45E-07
3937	1.10E-07
3938	3.05E-07
3939	3.25E-07
3940	1.35E-07
3941	3.45E-08
3942	8.04E-08
3943	1.34E-07
3944	1.58E-07
3945	7.24E-08
3946	2.13E-07
3947	3.36E-07
3948	2.57E-07
3949	2.33E-07
3950	2.19E-07
3951	2.91E-07
3952	2.87E-07
3953	1.26E-07
3954	1.96E-07
3955	9.61E-08
3956	6.69E-08
3957	6.97E-08
3958	2.37E-07
3959	3.18E-07
3960	1.16E-07
3961	1.67E-07
3962	1.39E-07
3963	1.92E-07
3964	2.92E-07
3965	2.45E-07
3966	1.02E-07
3967	2.15E-07
3968	3.08E-07
3969	3.68E-07
3970	4.27E-07
3971	3.10E-07
3972	2.83E-07
3973	2.74E-07
3974	1.97E-07
3975	3.52E-08
3976	2.63E-07
3977	3.39E-07
3978	3.03E-07
3979	2.50E-07
3980	4.11E-07
3981	1.50E-07
3982	2.71E-07
3983	3.60E-07
3984	8.05E-08
3985	2.24E-07
3986	2.62E-07
3987	1.29E-07
3988	9.28E-08
3989	2.89E-07
3990	3.88E-07
3991	1.33E-07
3992	2.14E-07
3993	2.24E-07
3994	1.33E-07
3995	1.50E-07
3996	1.09E-07
3997	2.43E-07
3998	7.81E-08
3999	1.66E-08
4000	2.68E-07
4001	2.07E-07
4002	2.93E-07
4003	1.63E-07
4004	2.28E-07
4005	1.09E-07
4006	1.83E-07
4007	4.14E-07
4008	6.12E-07
4009	4.40E-07
4010	1.20E-07
4011	2.82E-08
4012	2.26E-07
4013	2.77E-07
4014	1.47E-07
4015	2.63E-07
4016	4.40E-07
4017	4.82E-07
4018	2.41E-07
4019	3.37E-07
4020	2.13E-07
4021	1.99E-07
4022	4.12E-07
4023	3.39E-07
4024	1.62E-07
4025	8.31E-09
4026	1.81E-07
4027	3.58E-07
4028	1.06E-07
4029	1.86E-07
4030	2.71E-07
4031	6.08E-08
4032	1.85E-07
4033	1.50E-07
4034	2.56E-07
4035	2.66E-07
4036	3.47E-07
4037	3.34E-07
4038	1.58E-07
4039	3.74E-07
4040	3.00E-07
4041	1.36E-07
4042	3.47E-07
4043	3.63E-07
4044	1.71E-07
4045	1.53E-07
4046	1.92E-07
4047	1.92E-07
4048	2.30E-07
4049	3.43E-07
4050	4.42E-07
4051	4.42E-07
4052	4.88E-07
4053	5.16E-07
4054	1.14E-07
4055	3.45E-07
4056	9.64E-08
4057	3.05E-07
4058	1.48E-07
4059	2.70E-08
4060	7.22E-08
4061	2.71E-07
4062	2.65E-07
4063	3.20E-07
4064	2.34E-07
4065	2.12E-07
4066	2.65E-07
4067	1.95E-07
4068	2.08E-07
4069	1.60E-07
4070	3.73E-07
4071	2.94E-07
4072	1.45E-07
4073	1.84E-07
4074	1.30E-07
4075	2.74E-07
4076	2.43E-07
4077	5.02E-07
4078	6.04E-07
4079	1.48E-07
4080	2.10E-07
4081	1.04E-07
4082	2.79E-07
4083	1.91E-07
4084	1.77E-07
4085	2.33E-07
4086	2.60E-07
4087	1.95E-07
4088	3.15E-07
4089	2.20E-07
4090	1.55E-07
4091	6.03E-08
4092	2.03E-07
4093	1.80E-07
4094	4.65E-08
4095	1.80E-07
4096	1.93E-07
4097	4.51E-07
4098	6.85E-07
4099	4.45E-07
4100	1.11E-07
4101	2.15E-07
4102	2.71E-07
4103	1.33E-07
4104	2.02E-07
4105	4.22E-07
4106	3.03E-07
4107	1.97E-07
4108	1.27E-07
4109	1.72E-07
4110	4.56E-07
4111	3.71E-07
4112	1.77E-07
4113	1.22E-07
4114	4.32E-08
4115	9.19E-08
4116	3.07E-07
4117	2.90E-07
4118	3.43E-07
4119	3.09E-07
4120	1.42E-07
4121	2.49E-07
4122	4.31E-07
4123	3.59E-07
4124	3.33E-08
4125	2.28E-07
4126	2.16E-07
4127	1.53E-07
4128	1.14E-07
4129	2.27E-07
4130	1.08E-07
4131	9.88E-08
4132	8.38E-08
4133	1.28E-07
4134	2.44E-07
4135	1.12E-07
4136	2.05E-07
4137	4.19E-07
4138	4.22E-07
4139	2.93E-07
4140	3.63E-07
4141	2.44E-07
4142	3.61E-07
4143	5.73E-07
4144	3.94E-07
4145	1.57E-07
4146	1.46E-07
4147	1.72E-07
4148	2.78E-07
4149	1.95E-07
4150	2.18E-07
4151	3.32E-07
4152	2.51E-07
4153	1.90E-07
4154	4.13E-07
4155	4.59E-07
4156	5.04E-08
4157	1.86E-07
4158	4.10E-07
4159	2.99E-07
4160	1.26E-07
4161	1.22E-07
4162	1.10E-07
4163	6.06E-08
4164	1.53E-07
4165	2.41E-07
4166	2.49E-07
4167	2.04E-07
4168	1.89E-07
4169	4.26E-07
4170	4.64E-07
4171	5.81E-07
4172	3.68E-07
4173	2.61E-07
4174	2.03E-07
4175	1.31E-07
4176	9.94E-08
4177	3.03E-07
4178	4.96E-07
4179	2.58E-07
4180	2.11E-07
4181	2.45E-07
4182	7.54E-08
4183	1.39E-07
4184	2.65E-07
4185	1.44E-07
4186	1.96E-07
4187	1.79E-07
4188	2.80E-07
4189	1.30E-07
4190	1.90E-07
4191	2.12E-07
4192	7.53E-08
4193	5.48E-08
4194	1.05E-07
4195	1.10E-07
4196	2.02E-07
4197	3.02E-07
4198	2.18E-07
4199	6.50E-08
4200	2.06E-07
4201	8.64E-08
4202	1.53E-07
4203	1.51E-07
4204	1.56E-07
4205	3.19E-07
4206	1.57E-07
4207	5.92E-08
4208	2.47E-08
4209	1.25E-07
4210	2.84E-07
4211	3.09E-07
4212	1.87E-07
4213	1.18E-07
4214	5.15E-09
4215	1.47E-07
4216	2.15E-07
4217	3.08E-07
4218	4.16E-07
4219	7.43E-08
4220	3.58E-07
4221	3.83E-07
4222	3.03E-07
4223	3.09E-07
4224	1.62E-07
4225	4.09E-08
4226	1.00E-07
4227	1.67E-07
4228	2.73E-07
4229	2.66E-07
4230	1.39E-07
4231	2.94E-08
4232	1.03E-07
4233	1.78E-07
4234	2.51E-07
4235	8.36E-08
4236	6.30E-08
4237	3.51E-07
4238	5.00E-07
4239	1.99E-07
4240	1.73E-07
4241	3.48E-07
4242	3.21E-07
4243	1.99E-07
4244	3.28E-07
4245	2.85E-07
4246	1.01E-07
4247	1.78E-07
4248	3.10E-07
4249	4.21E-07
4250	1.24E-07
4251	2.72E-07
4252	3.99E-07
4253	6.85E-07
4254	3.99E-07
4255	8.12E-08
4256	2.57E-07
4257	3.96E-07
4258	4.94E-07
4259	5.57E-07
4260	2.07E-07
4261	9.33E-08
4262	2.53E-07
4263	4.63E-07
4264	7.18E-07
4265	3.31E-07
4266	2.94E-08
4267	2.49E-07
4268	2.60E-07
4269	1.48E-07
4270	3.72E-07
4271	4.10E-07
4272	2.32E-07
4273	2.49E-07
4274	3.59E-07
4275	3.19E-07
4276	1.42E-07
4277	2.51E-07
4278	3.26E-07
4279	2.52E-07
4280	2.56E-07
4281	2.48E-07
4282	2.55E-07
4283	1.61E-07
4284	9.03E-08
4285	2.35E-07
4286	1.63E-07
4287	2.02E-07
4288	1.34E-07
4289	2.86E-07
4290	1.66E-07
4291	2.97E-07
4292	1.32E-07
4293	2.96E-07
4294	2.71E-07
4295	3.07E-07
4296	2.38E-07
4297	6.20E-08
4298	2.53E-07
4299	2.84E-07
4300	3.48E-07
4301	2.91E-07
4302	1.79E-07
4303	3.37E-07
4304	4.51E-07
4305	2.13E-07
4306	3.85E-07
4307	2.59E-07
4308	2.95E-07
4309	4.80E-07
4310	3.69E-07
4311	5.53E-08
4312	2.51E-07
4313	2.71E-07
4314	3.58E-07
4315	4.92E-07
4316	3.63E-07
4317	1.25E-07
4318	4.21E-08
4319	1.70E-07
4320	1.50E-07
4321	2.02E-07
4322	1.17E-07
4323	3.50E-07
4324	4.33E-07
4325	3.81E-07
4326	2.52E-07
4327	2.75E-07
4328	2.93E-07
4329	1.80E-07
4330	2.01E-07
4331	1.11E-07
4332	4.77E-07
4333	6.14E-07
4334	4.75E-07
4335	1.83E-07
4336	2.87E-08
4337	3.62E-07
4338	5.52E-07
4339	5.71E-07
4340	4.02E-07
4341	1.89E-07
4342	3.64E-07
4343	2.89E-07
4344	1.82E-07
4345	1.38E-07
4346	9.90E-08
4347	3.40E-07
4348	5.24E-07
4349	3.01E-07
4350	2.38E-07
4351	2.93E-07
4352	1.31E-07
4353	1.63E-07
4354	3.82E-07
4355	3.23E-07
4356	1.79E-07
4357	1.23E-07
4358	5.89E-08
4359	1.07E-07
4360	2.35E-07
4361	1.04E-07
4362	3.02E-07
4363	1.53E-07
4364	1.39E-07
4365	2.39E-07
4366	1.76E-07
4367	2.72E-07
4368	6.73E-08
4369	3.29E-07
4370	2.12E-07
4371	2.79E-07
4372	5.08E-07
4373	3.85E-07
4374	1.71E-07
4375	9.83E-08
4376	3.05E-07
4377	2.55E-07
4378	3.05E-07
4379	1.20E-07
4380	9.22E-08
4381	1.88E-07
4382	9.79E-08
4383	4.42E-07
4384	4.46E-07
4385	2.21E-07
4386	3.16E-07
4387	4.45E-07
4388	2.12E-07
4389	4.31E-07
4390	4.65E-07
4391	2.68E-07
4392	1.29E-07
4393	9.21E-08
4394	1.82E-07
4395	2.96E-07
4396	1.66E-07
4397	1.11E-07
4398	2.22E-07
4399	9.90E-08
4400	3.02E-07
4401	4.98E-07
4402	2.76E-07
4403	3.32E-07
4404	4.33E-07
4405	1.52E-07
4406	1.88E-08
4407	3.51E-08
4408	2.60E-07
4409	4.65E-07
4410	2.18E-07
4411	3.10E-07
4412	4.83E-07
4413	2.64E-07
4414	1.41E-07
4415	3.01E-07
4416	3.23E-07
4417	1.54E-07
4418	1.87E-07
4419	1.96E-07
4420	7.39E-08
4421	2.15E-07
4422	3.76E-07
4423	3.74E-07
4424	1.76E-07
4425	8.75E-08
4426	4.31E-07
4427	4.44E-07
4428	1.10E-07
4429	3.71E-07
4430	2.97E-07
4431	1.75E-07
4432	3.39E-07
4433	3.20E-07
4434	2.65E-07
4435	9.46E-08
4436	2.11E-07
4437	2.62E-07
4438	2.03E-07
4439	2.54E-07
4440	1.35E-07
4441	2.14E-07
4442	4.23E-08
4443	1.58E-07
4444	3.51E-07
4445	3.11E-07
4446	1.10E-07
4447	2.20E-07
4448	2.25E-07
4449	4.54E-07
4450	4.38E-07
4451	1.62E-07
4452	1.64E-07
4453	1.30E-07
4454	1.90E-08
4455	3.91E-08
4456	1.16E-07
4457	1.45E-08
4458	2.92E-07
4459	3.73E-07
4460	1.67E-07
4461	7.95E-08
4462	1.22E-07
4463	1.94E-07
4464	3.00E-07
4465	2.20E-07
4466	7.02E-08
4467	1.80E-07
4468	2.38E-08
4469	3.04E-07
4470	2.68E-07
4471	2.51E-08
4472	1.86E-07
4473	2.74E-07
4474	5.73E-08
4475	7.76E-08
4476	1.38E-07
4477	2.73E-07
4478	2.19E-07
4479	2.76E-07
4480	2.58E-07
4481	1.76E-07
4482	4.03E-07
4483	1.84E-07
4484	1.42E-07
4485	2.37E-07
4486	3.43E-07
4487	2.48E-07
4488	3.28E-07
4489	2.38E-07
4490	4.05E-07
4491	5.58E-07
4492	2.90E-07
4493	2.22E-07
4494	3.62E-07
4495	3.78E-07
4496	4.68E-07
4497	3.18E-07
4498	8.53E-08
4499	1.05E-07
4500	2.07E-07
4501	5.06E-07
4502	1.89E-07
4503	2.99E-07
4504	3.77E-07
4505	4.00E-07
4506	3.31E-07
4507	8.60E-08
4508	2.32E-07
4509	7.33E-08
4510	4.83E-08
4511	2.80E-08
4512	2.83E-07
4513	5.06E-07
4514	6.29E-07
4515	3.97E-07
4516	3.26E-07
4517	4.40E-07
4518	2.83E-07
4519	4.66E-07
4520	6.02E-07
4521	4.66E-07
4522	3.90E-07
4523	3.95E-07
4524	4.07E-07
4525	3.56E-07
4526	1.91E-07
4527	2.18E-07
4528	3.38E-07
4529	3.13E-07
4530	1.56E-07
4531	4.39E-07
4532	1.87E-07
4533	2.64E-07
4534	1.80E-07
4535	3.07E-07
4536	2.61E-07
4537	3.14E-07
4538	1.85E-07
4539	1.73E-07
4540	3.33E-07
4541	3.18E-07
4542	1.57E-07
4543	1.54E-07
4544	3.54E-07
4545	4.37E-07
4546	3.18E-07
4547	3.13E-07
4548	2.04E-07
4549	6.43E-08
4550	2.90E-07
4551	2.70E-07
4552	2.19E-07
4553	1.03E-07
4554	1.54E-07
4555	3.32E-07
4556	4.20E-07
4557	3.38E-07
4558	3.54E-07
4559	5.19E-07
4560	3.47E-07
4561	4.48E-08
4562	7.75E-08
4563	2.60E-08
4564	3.19E-07
4565	4.50E-07
4566	1.87E-07
4567	1.83E-07
4568	4.34E-07
4569	4.69E-07
4570	1.12E-07
4571	2.51E-07
4572	1.80E-07
4573	3.26E-07
4574	6.82E-07
4575	8.30E-07
4576	4.94E-07
4577	1.43E-07
4578	4.58E-07
4579	7.50E-07
4580	6.40E-07
4581	4.88E-07
4582	3.60E-07
4583	3.45E-07
4584	1.74E-07
4585	1.58E-07
4586	1.58E-07
4587	4.44E-07
4588	4.17E-07
4589	8.91E-08
4590	1.05E-07
4591	5.27E-08
4592	2.19E-07
4593	3.68E-07
4594	3.16E-07
4595	2.79E-07
4596	3.23E-07
4597	1.94E-07
4598	2.19E-07
4599	9.79E-08
4600	2.74E-08
4601	6.16E-08
4602	1.06E-07
4603	2.97E-07
4604	3.74E-07
4605	2.24E-07
4606	1.12E-07
4607	3.57E-08
4608	1.52E-07
4609	4.69E-07
4610	4.86E-07
4611	1.86E-07
4612	2.12E-07
4613	1.86E-07
4614	3.25E-08
4615	4.09E-07
4616	3.12E-07
4617	1.18E-07
4618	2.05E-07
4619	1.85E-07
4620	1.61E-07
4621	3.46E-07
4622	3.85E-07
4623	7.22E-08
4624	3.92E-07
4625	1.62E-07
4626	2.35E-07
4627	4.25E-07
4628	4.65E-07
4629	3.22E-07
4630	1.18E-07
4631	1.08E-07
4632	1.67E-07
4633	2.05E-07
4634	2.47E-07
4635	3.24E-07
4636	1.92E-07
4637	2.33E-07
4638	4.80E-07
4639	4.00E-07
4640	1.20E-07
4641	1.64E-07
4642	4.91E-08
4643	3.67E-08
4644	2.70E-07
4645	2.53E-07
4646	2.51E-07
4647	1.23E-07
4648	2.74E-07
4649	1.27E-07
4650	2.75E-07
4651	1.67E-07
4652	1.08E-07
4653	1.87E-07
4654	2.24E-07
4655	6.18E-08
4656	3.35E-07
4657	2.94E-07
4658	1.18E-07
4659	2.44E-07
4660	6.17E-08
4661	8.79E-08
4662	2.67E-07
4663	3.18E-07
4664	3.14E-07
4665	4.45E-07
4666	8.84E-08
4667	1.97E-07
4668	1.74E-07
4669	9.37E-08
4670	2.09E-07
4671	1.51E-07
4672	2.78E-07
4673	3.92E-07
4674	2.16E-07
4675	1.80E-07
4676	2.40E-07
4677	5.72E-08
4678	3.11E-07
4679	2.88E-07
4680	2.59E-07
4681	4.35E-07
4682	6.39E-07
4683	5.53E-07
4684	2.80E-07
4685	2.23E-07
4686	1.04E-07
4687	1.89E-07
4688	1.59E-07
4689	4.97E-07
4690	2.56E-07
4691	1.74E-07
4692	1.87E-07
4693	1.02E-07
4694	2.53E-07
4695	1.19E-07
4696	3.09E-07
4697	5.33E-07
4698	5.27E-07
4699	2.35E-07
4700	1.19E-07
4701	2.67E-07
4702	1.25E-07
4703	3.67E-07
4704	2.85E-07
4705	2.46E-07
4706	1.48E-07
4707	1.23E-07
4708	1.32E-07
4709	2.95E-07
4710	1.18E-07
4711	2.98E-07
4712	1.87E-07
4713	3.09E-07
4714	2.37E-07
4715	1.85E-07
4716	1.06E-07
4717	2.99E-07
4718	3.03E-07
4719	1.17E-07
4720	4.89E-08
4721	3.89E-07
4722	3.39E-07
4723	6.72E-08
4724	2.84E-07
4725	2.09E-07
4726	1.69E-07
4727	2.51E-07
4728	1.76E-07
4729	2.13E-07
4730	3.58E-07
4731	2.31E-07
4732	3.68E-07
4733	3.66E-07
4734	4.09E-07
4735	3.71E-07
4736	3.17E-07
4737	2.69E-07
4738	3.48E-07
4739	4.59E-07
4740	2.42E-07
4741	6.47E-08
4742	3.03E-07
4743	4.16E-07
4744	2.81E-07
4745	1.07E-07
4746	1.61E-07
4747	3.45E-07
4748	3.85E-07
4749	3.55E-07
4750	1.53E-07
4751	8.40E-08
4752	1.37E-07
4753	1.90E-07
4754	1.88E-07
4755	2.25E-07
4756	1.70E-07
4757	5.65E-08
4758	1.10E-07
4759	2.69E-07
4760	1.86E-07
4761	4.97E-07
4762	5.49E-07
4763	6.37E-07
4764	3.44E-07
4765	2.03E-07
4766	2.77E-07
4767	5.39E-08
4768	2.58E-07
4769	9.28E-08
4770	3.23E-07
4771	5.22E-07
4772	4.73E-07
4773	4.87E-07
4774	5.34E-07
4775	4.40E-07
4776	3.35E-07
4777	1.64E-07
4778	2.92E-07
4779	1.59E-07
4780	1.90E-07
4781	1.88E-07
4782	2.43E-07
4783	4.08E-07
4784	2.63E-07
4785	1.38E-07
4786	1.16E-07
4787	1.80E-07
4788	1.46E-07
4789	2.18E-07
4790	3.34E-07
4791	2.50E-07
4792	3.31E-08
4793	7.79E-08
4794	1.25E-07
4795	1.71E-07
4796	2.33E-07
4797	4.72E-07
4798	4.29E-07
4799	1.95E-07
4800	2.82E-07
4801	2.09E-07
4802	2.43E-07
4803	1.72E-07
4804	1.32E-07
4805	1.59E-07
4806	1.25E-07
4807	7.07E-08
4808	2.27E-07
4809	2.26E-07
4810	2.02E-07
4811	3.53E-07
4812	3.94E-07
4813	4.00E-07
4814	3.23E-07
4815	1.98E-07
4816	1.75E-07
4817	2.39E-07
4818	2.24E-07
4819	4.28E-08
4820	4.32E-08
4821	8.29E-08
4822	4.13E-08
4823	7.66E-08
4824	6.18E-08
4825	1.98E-07
4826	2.99E-07
4827	2.23E-07
4828	4.24E-07
4829	3.38E-07
4830	2.29E-07
4831	2.04E-07
4832	7.33E-08
4833	8.22E-08
4834	1.78E-07
4835	2.84E-07
4836	1.03E-07
4837	2.29E-07
4838	3.09E-07
4839	1.55E-07
4840	1.39E-07
4841	8.15E-08
4842	1.85E-07
4843	5.06E-07
4844	5.57E-07
4845	2.40E-07
4846	2.83E-07
4847	4.64E-07
4848	2.72E-07
4849	1.26E-08
4850	6.10E-08
4851	1.23E-07
4852	7.09E-08
4853	2.39E-07
4854	3.45E-07
4855	5.01E-07
4856	3.68E-07
4857	1.64E-07
4858	1.83E-07
4859	1.33E-07
4860	1.20E-07
4861	4.43E-07
4862	4.82E-07
4863	3.31E-07
4864	1.50E-07
4865	2.14E-07
4866	2.07E-07
4867	3.58E-08
4868	6.67E-08
4869	1.47E-07
4870	7.59E-08
4871	1.76E-07
4872	9.53E-09
4873	7.69E-08
4874	3.15E-07
4875	2.20E-07
4876	1.48E-07
4877	2.67E-07
4878	2.11E-07
4879	1.42E-07
4880	6.77E-08
4881	1.59E-07
4882	1.93E-07
4883	1.36E-07
4884	2.00E-07
4885	1.47E-07
4886	5.05E-08
4887	1.95E-07
4888	2.81E-07
4889	2.88E-07
4890	2.86E-07
4891	2.10E-07
4892	1.51E-07
4893	9.00E-08
4894	4.71E-08
4895	8.57E-08
4896	1.55E-07
4897	9.46E-08
4898	1.09E-07
4899	4.89E-08
4900	2.10E-07
4901	2.11E-07
4902	1.06E-07
4903	1.60E-07
4904	2.03E-07
4905	6.16E-08
4906	5.75E-08
4907	2.05E-07
4908	2.64E-07
4909	1.60E-07
4910	7.76E-08
4911	1.28E-07
4912	3.50E-07
4913	4.55E-07
4914	2.35E-07
4915	2.38E-08
4916	2.94E-08
4917	1.67E-07
4918	3.34E-07
4919	2.21E-07
4920	2.09E-08
4921	1.29E-07
4922	6.47E-08
4923	9.48E-08
4924	1.29E-07
4925	2.20E-07
4926	2.07E-07
4927	2.03E-07
4928	1.70E-07
4929	1.18E-07
4930	7.13E-08
4931	8.25E-08
4932	1.07E-07
4933	5.32E-08
4934	6.28E-09
4935	1.37E-07
4936	2.21E-07
4937	1.80E-07
4938	6.64E-08
4939	2.68E-07
4940	3.68E-07
4941	3.15E-07
4942	1.74E-07
4943	1.42E-07
4944	1.54E-07
4945	2.16E-07
4946	1.58E-07
4947	2.53E-07
4948	2.34E-07
4949	9.01E-08
4950	2.16E-07
4951	1.12E-07
4952	8.76E-08
4953	1.21E-07
4954	1.73E-07
4955	1.03E-07
4956	9.73E-08
4957	7.30E-08
4958	1.71E-07
4959	1.88E-07
4960	1.11E-07
4961	1.14E-07
4962	8.23E-08
4963	1.25E-07
4964	7.67E-08
4965	1.90E-07
4966	1.39E-07
4967	1.05E-07
4968	1.34E-07
4969	2.39E-07
4970	1.63E-07
4971	1.34E-07
4972	1.16E-07
4973	1.65E-07
4974	2.13E-07
4975	8.21E-08
4976	1.67E-07
4977	2.01E-07
4978	1.03E-07
4979	9.94E-08
4980	7.22E-08
4981	4.75E-08
4982	1.59E-07
4983	1.51E-07
4984	1.45E-07
4985	1.87E-07
4986	1.69E-07
4987	1.02E-07
4988	8.70E-08
4989	2.30E-07
4990	3.65E-07
4991	1.95E-07
4992	5.69E-08
4993	8.20E-08
4994	7.95E-08
4995	1.82E-07
4996	1.17E-07
4997	8.66E-08
4998	8.10E-08
4999	1.51E-07
