Time - Plot 0	Amplitude - Plot 0
1	0.00065858
2	8.48E-07
3	1.48E-06
4	2.22E-06
5	4.54E-06
6	1.50E-06
7	1.19E-07
8	6.45E-07
9	0.000353194
10	0.000705591
11	0.000352433
12	6.37E-07
13	3.75E-07
14	1.19E-07
15	3.44E-07
16	8.20E-07
17	5.33E-07
18	1.76E-07
19	8.25E-07
20	1.47E-06
21	8.32E-07
22	1.19E-06
23	1.27E-06
24	9.12E-07
25	6.10E-07
26	4.54E-07
27	5.47E-07
28	2.37E-07
29	4.87E-07
30	1.74E-07
31	6.99E-07
32	1.17E-06
33	1.33E-06
34	7.17E-07
35	3.33E-07
36	2.45E-07
37	1.87E-07
38	6.01E-07
39	1.30E-06
40	1.16E-06
41	6.01E-07
42	4.06E-07
43	6.34E-07
44	1.45E-07
45	6.78E-07
46	6.33E-07
47	3.32E-07
48	3.79E-07
49	1.01E-07
50	4.63E-07
51	7.10E-07
52	1.11E-06
53	1.18E-06
54	6.06E-07
55	6.53E-07
56	4.05E-07
57	2.79E-07
58	3.61E-07
59	1.95E-07
60	5.06E-07
61	4.91E-08
62	7.08E-07
63	4.33E-07
64	8.12E-08
65	5.25E-07
66	8.70E-07
67	5.00E-07
68	1.18E-07
69	4.12E-07
70	3.44E-07
71	8.48E-07
72	3.00E-07
73	4.75E-07
74	4.57E-07
75	8.41E-07
76	8.74E-07
77	1.27E-06
78	9.29E-07
79	1.80E-07
80	2.73E-07
81	7.94E-07
82	8.63E-07
83	1.14E-06
84	6.08E-07
85	4.65E-07
86	4.64E-07
87	7.01E-07
88	5.68E-07
89	3.72E-07
90	7.87E-07
91	8.04E-07
92	5.13E-07
93	3.90E-07
94	7.52E-08
95	6.51E-07
96	1.01E-06
97	1.03E-06
98	7.15E-07
99	6.69E-07
100	8.06E-07
101	2.87E-07
102	2.23E-07
103	4.98E-07
104	7.71E-07
105	4.05E-07
106	5.18E-07
107	9.12E-07
108	8.65E-07
109	3.63E-07
110	5.29E-07
111	1.03E-06
112	6.97E-07
113	7.25E-07
114	3.16E-07
115	5.78E-07
116	9.66E-07
117	4.37E-07
118	8.40E-07
119	9.20E-07
120	6.69E-07
121	8.80E-07
122	6.36E-07
123	1.88E-07
124	4.30E-07
125	3.58E-07
126	1.07E-06
127	1.51E-06
128	1.14E-06
129	4.42E-07
130	6.11E-07
131	3.93E-07
132	1.00E-06
133	1.32E-06
134	1.04E-06
135	1.14E-06
136	5.67E-07
137	2.71E-07
138	5.30E-07
139	1.18E-06
140	1.32E-06
141	1.22E-06
142	9.06E-07
143	2.37E-07
144	3.05E-07
145	2.71E-07
146	2.37E-07
147	4.05E-07
148	6.00E-07
149	5.10E-07
150	1.41E-06
151	1.60E-06
152	1.55E-06
153	9.85E-07
154	4.73E-07
155	4.99E-07
156	6.72E-07
157	7.43E-07
158	2.12E-07
159	8.85E-07
160	8.49E-07
161	1.02E-06
162	6.46E-07
163	3.80E-07
164	4.59E-07
165	5.17E-07
166	7.50E-07
167	6.72E-07
168	8.66E-07
169	1.30E-06
170	1.43E-06
171	1.01E-06
172	1.78E-07
173	5.85E-07
174	6.48E-07
175	1.04E-06
176	1.21E-06
177	8.58E-07
178	7.22E-07
179	3.80E-07
180	9.41E-07
181	1.32E-06
182	3.73E-07
183	5.08E-07
184	8.34E-07
185	8.77E-07
186	1.14E-06
187	7.64E-07
188	8.28E-07
189	6.22E-07
190	8.48E-07
191	3.41E-07
192	6.38E-07
193	6.06E-07
194	5.81E-07
195	2.38E-07
196	4.55E-07
197	1.10E-06
198	8.32E-07
199	8.09E-07
200	1.04E-06
201	8.25E-07
202	7.45E-07
203	5.55E-07
204	5.28E-07
205	8.01E-07
206	9.91E-07
207	5.76E-07
208	2.83E-07
209	6.77E-07
210	2.51E-07
211	1.03E-06
212	5.78E-07
213	1.40E-06
214	1.39E-06
215	7.83E-07
216	5.27E-07
217	3.44E-07
218	5.59E-07
219	1.24E-06
220	1.42E-06
221	7.78E-07
222	4.90E-07
223	4.53E-07
224	4.57E-07
225	3.90E-07
226	4.88E-07
227	7.73E-07
228	8.05E-07
229	1.27E-06
230	2.88E-07
231	8.46E-07
232	9.34E-07
233	5.45E-07
234	4.19E-07
235	5.33E-07
236	5.25E-08
237	6.47E-07
238	5.28E-07
239	3.92E-07
240	3.22E-07
241	1.07E-06
242	1.03E-06
243	7.21E-07
244	2.31E-07
245	7.26E-07
246	4.88E-07
247	3.38E-07
248	7.18E-07
249	9.81E-07
250	1.18E-06
251	7.64E-07
252	4.82E-07
253	2.93E-07
254	5.68E-07
255	1.10E-06
256	1.10E-06
257	4.79E-07
258	5.36E-07
259	4.18E-07
260	5.73E-07
261	6.82E-07
262	2.67E-07
263	3.00E-07
264	7.33E-07
265	7.86E-07
266	4.31E-07
267	5.43E-07
268	6.51E-07
269	1.90E-07
270	8.62E-07
271	1.10E-06
272	8.56E-07
273	2.45E-07
274	5.12E-07
275	8.57E-07
276	6.75E-07
277	4.14E-07
278	3.61E-07
279	9.61E-07
280	1.17E-06
281	1.43E-06
282	1.25E-06
283	1.28E-06
284	1.49E-06
285	4.69E-06
286	5.05E-06
287	1.69E-06
288	8.13E-07
289	5.13E-07
290	3.89E-07
291	4.76E-07
292	9.97E-07
293	4.22E-07
294	4.45E-07
295	4.72E-07
296	4.08E-07
297	8.55E-07
298	7.91E-07
299	9.41E-07
300	5.59E-07
301	6.52E-07
302	3.04E-07
303	1.01E-06
304	7.83E-07
305	4.50E-07
306	1.14E-06
307	1.21E-06
308	8.09E-07
309	1.08E-06
310	1.02E-06
311	9.52E-07
312	5.65E-07
313	9.00E-07
314	9.40E-07
315	3.81E-07
316	5.05E-07
317	6.74E-07
318	5.26E-07
319	1.44E-06
320	1.49E-06
321	8.49E-07
322	5.05E-07
323	1.93E-07
324	5.19E-07
325	6.24E-07
326	4.20E-07
327	3.01E-07
328	3.24E-07
329	4.22E-07
330	4.96E-07
331	5.47E-07
332	4.23E-07
333	4.38E-07
334	6.55E-07
335	9.83E-07
336	1.20E-06
337	7.68E-07
338	8.46E-07
339	5.27E-07
340	8.32E-07
341	1.08E-06
342	4.27E-07
343	1.07E-06
344	1.55E-06
345	1.09E-06
346	6.57E-07
347	8.78E-07
348	8.25E-07
349	8.28E-07
350	5.34E-07
351	4.52E-07
352	5.98E-07
353	4.07E-07
354	4.11E-07
355	3.54E-07
356	1.79E-07
357	4.81E-07
358	8.69E-07
359	6.42E-07
360	3.76E-07
361	9.16E-07
362	1.12E-06
363	6.91E-07
364	3.36E-07
365	5.75E-07
366	5.87E-07
367	2.88E-07
368	7.70E-07
369	8.18E-07
370	4.06E-07
371	5.17E-07
372	7.35E-07
373	8.19E-07
374	1.47E-06
375	1.14E-06
376	5.34E-07
377	8.97E-07
378	8.25E-07
379	3.49E-07
380	5.68E-07
381	7.91E-07
382	4.33E-07
383	4.65E-07
384	3.32E-07
385	3.35E-07
386	6.45E-07
387	8.35E-07
388	5.91E-07
389	7.39E-07
390	6.00E-07
391	6.62E-07
392	1.06E-06
393	1.00E-06
394	1.76E-07
395	1.85E-07
396	4.55E-07
397	4.62E-07
398	3.17E-07
399	3.39E-08
400	4.55E-07
401	7.05E-07
402	1.15E-06
403	8.31E-07
404	4.04E-07
405	9.08E-07
406	8.31E-07
407	8.81E-07
408	9.97E-07
409	7.20E-07
410	5.24E-07
411	8.00E-07
412	1.70E-06
413	7.33E-07
414	7.59E-07
415	7.79E-07
416	5.46E-07
417	6.35E-07
418	9.33E-07
419	4.02E-07
420	2.81E-07
421	4.11E-07
422	6.86E-07
423	9.86E-07
424	3.71E-07
425	5.04E-07
426	1.07E-06
427	1.13E-06
428	3.94E-07
429	5.21E-07
430	2.80E-07
431	1.60E-07
432	6.19E-07
433	1.40E-06
434	1.16E-06
435	1.12E-06
436	9.64E-07
437	1.38E-07
438	3.22E-07
439	3.84E-07
440	2.75E-07
441	4.93E-07
442	5.96E-07
443	6.77E-07
444	7.03E-07
445	4.14E-07
446	8.27E-07
447	9.68E-07
448	4.97E-07
449	3.55E-07
450	5.49E-07
451	9.97E-07
452	7.41E-07
453	5.50E-07
454	4.12E-07
455	4.93E-07
456	5.70E-07
457	1.12E-06
458	3.71E-07
459	1.15E-06
460	8.77E-07
461	8.66E-07
462	6.94E-07
463	3.79E-07
464	8.40E-08
465	8.49E-07
466	7.12E-07
467	8.15E-07
468	5.69E-07
469	2.77E-07
470	5.43E-07
471	3.06E-07
472	4.14E-07
473	6.58E-07
474	7.21E-07
475	3.44E-07
476	1.60E-06
477	2.33E-06
478	2.26E-06
479	1.11E-06
480	5.20E-07
481	1.02E-06
482	5.79E-07
483	7.48E-07
484	3.07E-07
485	8.63E-07
486	8.18E-07
487	8.34E-07
488	5.85E-07
489	3.84E-07
490	9.83E-07
491	8.65E-07
492	1.23E-06
493	9.13E-07
494	4.62E-07
495	2.11E-07
496	3.37E-07
497	9.08E-07
498	1.37E-06
499	5.50E-07
500	4.37E-07
501	2.33E-07
502	1.08E-06
503	1.33E-06
504	8.60E-07
505	4.27E-07
506	6.52E-07
507	8.32E-07
508	1.24E-06
509	1.63E-06
510	1.57E-06
511	1.70E-06
512	1.09E-06
513	7.84E-07
514	4.31E-07
515	6.65E-07
516	1.03E-06
517	4.63E-07
518	1.54E-07
519	2.22E-07
520	1.05E-06
521	1.26E-06
522	8.34E-07
523	8.05E-07
524	2.22E-07
525	3.89E-07
526	2.70E-07
527	1.08E-06
528	1.18E-06
529	4.24E-07
530	7.05E-07
531	5.85E-07
532	5.46E-07
533	3.88E-07
534	4.85E-07
535	8.17E-07
536	4.80E-07
537	2.83E-07
538	9.92E-07
539	7.81E-07
540	9.14E-07
541	8.46E-08
542	1.36E-06
543	1.52E-06
544	8.01E-07
545	3.70E-07
546	4.43E-07
547	1.54E-06
548	1.78E-06
549	1.23E-06
550	4.81E-07
551	2.02E-07
552	9.64E-07
553	6.23E-07
554	9.25E-07
555	9.49E-07
556	8.36E-07
557	1.32E-06
558	1.60E-06
559	1.02E-06
560	8.52E-07
561	4.53E-07
562	2.40E-07
563	5.84E-07
564	9.25E-07
565	1.48E-06
566	1.13E-06
567	6.65E-07
568	6.05E-07
569	4.67E-07
570	6.11E-07
571	4.62E-07
572	4.61E-07
573	7.33E-07
574	4.91E-07
575	3.68E-07
576	5.00E-07
577	3.49E-07
578	9.18E-07
579	1.55E-06
580	8.11E-07
581	8.48E-07
582	1.12E-06
583	4.71E-07
584	6.97E-07
585	1.07E-06
586	6.98E-07
587	6.92E-07
588	8.88E-07
589	6.37E-07
590	5.03E-07
591	7.21E-07
592	7.45E-07
593	6.87E-07
594	2.21E-07
595	1.01E-06
596	1.51E-06
597	1.25E-06
598	3.38E-07
599	2.32E-07
600	2.95E-07
601	7.03E-07
602	3.74E-07
603	2.22E-07
604	4.72E-07
605	1.25E-06
606	1.58E-06
607	1.12E-06
608	6.90E-07
609	5.37E-07
610	5.37E-07
611	8.26E-07
612	1.17E-06
613	9.30E-07
614	5.38E-07
615	3.86E-07
616	2.45E-07
617	6.57E-07
618	5.35E-07
619	3.89E-07
620	1.04E-07
621	2.49E-07
622	5.00E-07
623	2.74E-07
624	7.62E-07
625	8.24E-07
626	6.64E-07
627	5.53E-07
628	3.12E-07
629	1.03E-06
630	1.00E-06
631	1.10E-06
632	1.14E-06
633	8.12E-07
634	4.84E-07
635	2.80E-07
636	8.15E-07
637	9.37E-07
638	1.07E-06
639	1.08E-06
640	7.31E-07
641	9.10E-07
642	1.49E-06
643	4.91E-07
644	6.16E-07
645	4.98E-07
646	3.91E-07
647	6.77E-07
648	3.91E-07
649	1.99E-07
650	6.37E-07
651	6.13E-07
652	1.01E-06
653	7.28E-07
654	9.73E-07
655	5.59E-07
656	3.02E-07
657	5.85E-07
658	6.97E-07
659	4.26E-07
660	6.50E-07
661	7.83E-07
662	1.31E-06
663	1.00E-06
664	8.53E-07
665	9.36E-07
666	1.64E-07
667	6.74E-08
668	5.91E-07
669	4.39E-07
670	6.65E-07
671	7.89E-07
672	1.84E-07
673	1.39E-06
674	3.27E-06
675	2.20E-06
676	6.43E-07
677	2.13E-08
678	9.93E-07
679	1.24E-06
680	9.56E-07
681	7.19E-07
682	8.68E-07
683	1.20E-06
684	5.54E-07
685	2.71E-07
686	2.62E-07
687	1.26E-07
688	3.53E-07
689	3.32E-07
690	3.05E-07
691	1.30E-06
692	1.51E-06
693	9.22E-07
694	8.11E-07
695	6.82E-07
696	7.87E-07
697	1.19E-06
698	8.66E-07
699	1.98E-07
700	5.74E-07
701	3.69E-07
702	7.03E-08
703	5.71E-07
704	9.13E-07
705	5.58E-07
706	6.01E-07
707	1.04E-06
708	1.23E-06
709	9.43E-07
710	3.89E-07
711	7.14E-07
712	3.45E-07
713	2.29E-07
714	4.47E-07
715	1.96E-07
716	9.51E-07
717	7.62E-07
718	2.33E-07
719	9.37E-07
720	1.74E-06
721	9.68E-07
722	3.76E-07
723	1.08E-06
724	5.50E-07
725	1.32E-07
726	4.55E-07
727	3.42E-07
728	2.81E-07
729	7.67E-07
730	4.18E-07
731	3.09E-07
732	5.62E-07
733	8.15E-07
734	8.18E-07
735	1.07E-06
736	1.57E-06
737	9.26E-07
738	8.21E-07
739	7.87E-07
740	1.82E-07
741	2.67E-07
742	8.42E-07
743	7.57E-07
744	1.14E-07
745	8.06E-07
746	9.29E-07
747	5.37E-07
748	8.12E-07
749	8.16E-07
750	1.07E-06
751	6.51E-07
752	6.62E-07
753	4.55E-07
754	2.56E-07
755	2.65E-07
756	2.54E-07
757	1.57E-07
758	6.27E-07
759	5.33E-07
760	6.25E-07
761	5.85E-07
762	2.36E-07
763	2.49E-07
764	3.18E-07
765	6.39E-07
766	7.73E-08
767	4.76E-07
768	1.66E-07
769	6.97E-07
770	6.97E-08
771	8.40E-07
772	5.69E-07
773	8.92E-07
774	2.80E-07
775	5.27E-07
776	5.15E-07
777	7.89E-07
778	1.13E-06
779	1.13E-06
780	9.63E-07
781	6.83E-07
782	3.07E-07
783	1.91E-07
784	2.87E-07
785	4.97E-07
786	2.88E-07
787	1.00E-06
788	1.25E-06
789	1.22E-06
790	1.70E-06
791	1.00E-06
792	6.08E-07
793	1.05E-06
794	1.30E-06
795	9.84E-07
796	4.82E-07
797	4.82E-07
798	6.91E-07
799	7.01E-07
800	9.77E-07
801	2.95E-07
802	8.70E-07
803	1.03E-06
804	4.42E-07
805	5.80E-07
806	6.33E-07
807	5.32E-07
808	1.00E-06
809	1.04E-06
810	6.12E-07
811	2.39E-07
812	5.07E-07
813	3.68E-07
814	5.10E-07
815	6.38E-07
816	6.75E-07
817	1.47E-06
818	1.29E-06
819	5.96E-07
820	1.46E-06
821	6.88E-07
822	5.34E-07
823	2.36E-07
824	9.06E-07
825	9.74E-07
826	1.16E-06
827	1.38E-06
828	1.02E-06
829	3.98E-07
830	7.78E-07
831	9.06E-07
832	2.61E-07
833	3.73E-07
834	8.20E-07
835	4.44E-07
836	9.15E-07
837	1.28E-06
838	1.16E-06
839	1.30E-06
840	3.78E-07
841	1.17E-06
842	1.14E-06
843	5.35E-07
844	9.61E-07
845	1.15E-06
846	4.66E-07
847	4.33E-07
848	9.79E-07
849	7.09E-07
850	3.79E-07
851	3.18E-07
852	2.88E-07
853	8.15E-07
854	5.90E-07
855	5.90E-07
856	9.53E-07
857	1.17E-06
858	1.27E-06
859	8.67E-07
860	4.23E-07
861	3.77E-07
862	3.58E-07
863	1.57E-06
864	1.42E-06
865	1.03E-06
866	1.75E-07
867	8.52E-07
868	3.21E-07
869	1.22E-06
870	3.08E-07
871	1.04E-06
872	9.87E-07
873	1.05E-06
874	4.43E-07
875	6.54E-07
876	7.23E-07
877	5.50E-07
878	5.19E-07
879	4.97E-07
880	6.09E-07
881	1.08E-06
882	1.86E-06
883	1.47E-06
884	7.44E-07
885	4.46E-07
886	2.68E-07
887	4.13E-07
888	9.86E-07
889	8.46E-07
890	4.24E-07
891	1.07E-06
892	1.06E-06
893	8.03E-07
894	6.91E-07
895	6.49E-07
896	1.52E-06
897	1.97E-06
898	1.44E-06
899	1.14E-06
900	9.02E-07
901	2.78E-07
902	1.09E-06
903	1.20E-06
904	5.17E-07
905	5.29E-07
906	1.41E-07
907	9.73E-07
908	1.08E-06
909	6.77E-07
910	5.59E-07
911	3.03E-07
912	7.68E-07
913	9.24E-07
914	1.23E-06
915	8.22E-07
916	9.58E-07
917	6.45E-07
918	1.06E-06
919	9.92E-07
920	9.42E-07
921	1.14E-06
922	9.19E-07
923	4.53E-07
924	2.29E-07
925	6.68E-07
926	5.88E-07
927	2.27E-07
928	7.52E-08
929	7.28E-07
930	4.74E-07
931	7.36E-07
932	9.64E-07
933	1.09E-06
934	9.56E-07
935	9.84E-07
936	4.05E-07
937	4.73E-07
938	2.37E-07
939	3.23E-07
940	4.98E-07
941	2.33E-07
942	5.19E-07
943	5.83E-07
944	6.73E-07
945	1.43E-06
946	1.33E-06
947	3.87E-07
948	9.16E-07
949	9.68E-07
950	5.60E-07
951	9.64E-07
952	8.15E-07
953	7.70E-07
954	7.50E-07
955	3.79E-07
956	1.07E-06
957	5.97E-07
958	1.41E-06
959	2.27E-06
960	8.60E-07
961	1.19E-06
962	1.83E-06
963	9.19E-07
964	1.94E-06
965	2.06E-06
966	1.67E-06
967	3.80E-07
968	3.13E-07
969	1.22E-06
970	1.95E-06
971	1.55E-06
972	1.04E-06
973	2.01E-07
974	1.32E-06
975	2.27E-06
976	2.28E-06
977	2.52E-06
978	2.20E-06
979	7.61E-07
980	6.26E-07
981	1.59E-06
982	6.51E-07
983	1.21E-06
984	8.29E-07
985	1.18E-06
986	6.66E-07
987	4.91E-07
988	4.43E-07
989	8.33E-07
990	1.20E-06
991	1.20E-06
992	5.43E-07
993	1.65E-06
994	1.39E-06
995	6.70E-07
996	1.06E-06
997	1.01E-06
998	6.63E-07
999	1.44E-06
1000	1.61E-06
1001	6.47E-07
1002	5.27E-07
1003	8.38E-07
1004	3.64E-07
1005	7.07E-07
1006	1.20E-06
1007	4.41E-07
1008	9.96E-07
1009	9.05E-07
1010	8.45E-07
1011	8.74E-07
1012	8.69E-07
1013	7.56E-07
1014	1.07E-06
1015	9.20E-07
1016	3.69E-07
1017	9.34E-07
1018	1.29E-06
1019	8.10E-07
1020	5.14E-07
1021	5.93E-07
1022	5.54E-07
1023	1.35E-06
1024	1.15E-06
1025	5.22E-07
1026	3.77E-07
1027	4.93E-07
1028	2.61E-07
1029	1.07E-06
1030	9.18E-07
1031	8.43E-08
1032	8.78E-07
1033	7.90E-07
1034	7.29E-07
1035	8.52E-07
1036	8.32E-07
1037	1.24E-06
1038	1.12E-06
1039	7.05E-07
1040	7.89E-07
1041	1.18E-06
1042	4.98E-07
1043	2.81E-07
1044	4.05E-07
1045	9.35E-07
1046	1.52E-06
1047	1.16E-06
1048	4.74E-07
1049	2.74E-07
1050	8.29E-07
1051	1.16E-06
1052	5.51E-07
1053	7.41E-07
1054	1.03E-06
1055	8.06E-07
1056	5.13E-07
1057	7.96E-07
1058	4.54E-07
1059	6.70E-07
1060	2.94E-07
1061	1.03E-06
1062	1.31E-06
1063	9.25E-07
1064	1.45E-06
1065	1.68E-06
1066	1.10E-06
1067	3.86E-07
1068	4.08E-07
1069	6.87E-07
1070	9.12E-07
1071	1.02E-06
1072	1.37E-06
1073	1.18E-06
1074	6.95E-07
1075	3.38E-07
1076	4.53E-07
1077	7.55E-08
1078	2.46E-07
1079	6.12E-07
1080	1.06E-06
1081	8.11E-07
1082	6.03E-07
1083	8.32E-07
1084	6.89E-07
1085	3.81E-07
1086	5.70E-07
1087	9.17E-07
1088	3.71E-07
1089	4.87E-07
1090	5.95E-07
1091	3.34E-07
1092	9.04E-07
1093	7.53E-07
1094	1.77E-07
1095	7.87E-07
1096	1.59E-06
1097	9.70E-07
1098	7.18E-07
1099	7.14E-07
1100	6.99E-07
1101	7.18E-07
1102	9.45E-07
1103	1.53E-06
1104	1.41E-06
1105	3.67E-07
1106	9.07E-07
1107	1.26E-06
1108	8.53E-07
1109	2.16E-07
1110	4.58E-07
1111	5.34E-07
1112	9.29E-07
1113	1.55E-06
1114	1.36E-06
1115	8.03E-07
1116	1.24E-06
1117	1.32E-06
1118	4.32E-07
1119	8.77E-07
1120	8.29E-07
1121	6.45E-07
1122	8.39E-07
1123	7.08E-07
1124	5.74E-07
1125	7.42E-07
1126	1.14E-06
1127	1.11E-06
1128	6.00E-07
1129	1.21E-06
1130	1.08E-06
1131	5.33E-07
1132	4.35E-07
1133	2.72E-07
1134	8.03E-07
1135	5.32E-07
1136	6.99E-07
1137	5.33E-07
1138	1.11E-06
1139	1.50E-06
1140	5.88E-07
1141	3.83E-07
1142	5.66E-07
1143	6.64E-07
1144	1.69E-07
1145	4.92E-07
1146	1.44E-06
1147	1.98E-06
1148	1.19E-06
1149	6.21E-07
1150	6.15E-07
1151	4.30E-07
1152	2.33E-07
1153	4.34E-07
1154	9.82E-07
1155	9.93E-07
1156	5.28E-07
1157	3.28E-07
1158	8.51E-07
1159	1.25E-06
1160	7.72E-07
1161	1.09E-06
1162	8.12E-07
1163	8.11E-07
1164	8.91E-07
1165	5.65E-07
1166	1.31E-07
1167	5.54E-07
1168	7.71E-07
1169	3.58E-07
1170	7.98E-07
1171	7.27E-07
1172	7.42E-07
1173	1.09E-06
1174	6.08E-07
1175	9.96E-07
1176	6.40E-07
1177	8.21E-08
1178	3.97E-07
1179	3.50E-07
1180	3.20E-07
1181	8.01E-07
1182	1.01E-06
1183	6.73E-07
1184	6.01E-07
1185	8.65E-07
1186	7.30E-07
1187	8.94E-07
1188	9.66E-07
1189	5.97E-07
1190	9.84E-07
1191	1.06E-06
1192	5.56E-07
1193	7.18E-07
1194	1.52E-06
1195	1.07E-06
1196	5.24E-07
1197	7.55E-07
1198	9.59E-07
1199	2.46E-06
1200	2.80E-06
1201	2.01E-06
1202	2.16E-06
1203	2.01E-06
1204	1.58E-06
1205	4.80E-07
1206	1.23E-06
1207	8.05E-07
1208	8.38E-07
1209	1.08E-06
1210	5.99E-07
1211	7.92E-07
1212	5.58E-07
1213	7.40E-07
1214	8.89E-07
1215	6.21E-07
1216	8.63E-07
1217	1.20E-06
1218	1.66E-06
1219	1.14E-06
1220	8.79E-07
1221	5.94E-07
1222	1.27E-06
1223	8.80E-07
1224	5.20E-07
1225	9.53E-07
1226	9.11E-07
1227	5.53E-07
1228	6.26E-07
1229	1.13E-06
1230	1.30E-06
1231	6.53E-07
1232	4.93E-07
1233	1.30E-06
1234	1.63E-06
1235	9.43E-07
1236	1.07E-06
1237	7.21E-07
1238	1.17E-06
1239	4.38E-07
1240	4.54E-07
1241	9.20E-07
1242	9.12E-07
1243	9.69E-07
1244	6.89E-07
1245	8.05E-07
1246	9.02E-07
1247	1.08E-06
1248	1.53E-06
1249	1.35E-06
1250	2.12E-07
1251	5.46E-07
1252	1.30E-07
1253	6.33E-07
1254	1.02E-06
1255	1.25E-06
1256	4.03E-07
1257	6.76E-07
1258	4.26E-07
1259	9.04E-07
1260	1.21E-06
1261	6.95E-07
1262	3.89E-07
1263	3.43E-07
1264	7.13E-07
1265	7.29E-07
1266	4.33E-07
1267	2.42E-07
1268	6.60E-07
1269	3.22E-07
1270	4.14E-07
1271	2.44E-07
1272	1.54E-07
1273	2.71E-07
1274	1.22E-07
1275	5.96E-07
1276	5.84E-07
1277	6.16E-07
1278	6.13E-07
1279	9.24E-07
1280	4.98E-07
1281	9.79E-07
1282	8.91E-07
1283	6.07E-07
1284	4.70E-07
1285	9.87E-07
1286	1.45E-06
1287	1.05E-06
1288	1.18E-06
1289	7.99E-07
1290	3.41E-07
1291	5.41E-07
1292	5.72E-07
1293	3.89E-07
1294	1.11E-06
1295	5.61E-07
1296	5.01E-07
1297	6.49E-07
1298	4.15E-07
1299	3.84E-07
1300	7.83E-07
1301	8.83E-07
1302	7.69E-07
1303	9.05E-07
1304	1.21E-06
1305	1.09E-06
1306	9.18E-07
1307	7.46E-07
1308	5.82E-07
1309	4.71E-07
1310	8.97E-07
1311	7.52E-07
1312	1.88E-07
1313	1.24E-06
1314	1.24E-06
1315	8.74E-07
1316	8.58E-07
1317	1.00E-06
1318	4.07E-07
1319	1.69E-07
1320	7.91E-07
1321	9.51E-07
1322	9.34E-07
1323	4.05E-07
1324	8.40E-07
1325	9.87E-07
1326	8.35E-07
1327	9.97E-08
1328	5.58E-07
1329	1.38E-06
1330	8.42E-07
1331	3.00E-07
1332	3.35E-07
1333	8.97E-07
1334	4.87E-07
1335	5.95E-07
1336	1.24E-06
1337	8.36E-07
1338	2.12E-07
1339	2.65E-07
1340	2.90E-07
1341	9.16E-08
1342	6.39E-07
1343	6.72E-07
1344	7.97E-07
1345	8.78E-07
1346	9.86E-07
1347	2.56E-06
1348	1.59E-06
1349	4.70E-07
1350	1.40E-07
1351	3.58E-07
1352	7.82E-07
1353	9.99E-07
1354	9.46E-07
1355	6.31E-07
1356	8.04E-07
1357	1.19E-06
1358	6.73E-07
1359	3.31E-07
1360	2.75E-07
1361	6.20E-07
1362	4.93E-07
1363	2.61E-07
1364	9.47E-07
1365	4.16E-07
1366	7.20E-07
1367	7.02E-07
1368	4.61E-07
1369	7.12E-07
1370	1.50E-07
1371	5.17E-07
1372	6.81E-07
1373	2.59E-07
1374	4.87E-07
1375	1.10E-06
1376	1.27E-06
1377	9.46E-07
1378	1.08E-06
1379	1.31E-06
1380	1.02E-06
1381	8.92E-07
1382	5.39E-07
1383	2.82E-07
1384	6.46E-07
1385	1.24E-06
1386	9.53E-07
1387	7.70E-07
1388	1.66E-06
1389	7.71E-07
1390	4.03E-07
1391	5.65E-07
1392	4.23E-07
1393	8.57E-07
1394	1.32E-06
1395	3.78E-07
1396	6.83E-07
1397	4.89E-07
1398	4.42E-07
1399	6.45E-07
1400	4.38E-07
1401	9.06E-07
1402	6.57E-07
1403	6.09E-07
1404	8.37E-07
1405	8.70E-07
1406	6.09E-07
1407	3.24E-07
1408	2.44E-07
1409	4.16E-07
1410	1.04E-06
1411	2.61E-06
1412	1.70E-06
1413	4.46E-07
1414	3.86E-07
1415	1.06E-06
1416	2.60E-07
1417	3.88E-07
1418	6.76E-07
1419	4.90E-07
1420	3.15E-07
1421	8.37E-07
1422	1.08E-06
1423	5.22E-07
1424	3.40E-07
1425	1.13E-06
1426	1.02E-06
1427	8.85E-07
1428	5.80E-07
1429	8.86E-07
1430	7.61E-07
1431	1.65E-06
1432	1.32E-06
1433	1.45E-07
1434	9.90E-07
1435	3.19E-07
1436	1.23E-06
1437	1.46E-06
1438	3.11E-07
1439	4.99E-07
1440	4.79E-07
1441	4.66E-07
1442	4.66E-07
1443	1.63E-06
1444	1.46E-06
1445	1.01E-06
1446	1.17E-07
1447	4.36E-07
1448	4.66E-07
1449	4.50E-07
1450	3.15E-07
1451	1.05E-06
1452	1.36E-06
1453	3.59E-07
1454	7.87E-07
1455	9.89E-07
1456	9.67E-07
1457	2.16E-07
1458	8.37E-07
1459	1.11E-06
1460	1.36E-06
1461	1.41E-06
1462	8.98E-07
1463	9.25E-07
1464	9.64E-07
1465	4.40E-07
1466	4.09E-07
1467	6.02E-07
1468	9.71E-07
1469	5.04E-07
1470	1.08E-06
1471	5.20E-07
1472	1.23E-06
1473	2.58E-06
1474	2.49E-06
1475	1.86E-06
1476	1.33E-06
1477	4.48E-07
1478	8.10E-07
1479	9.57E-07
1480	5.36E-07
1481	2.54E-07
1482	1.30E-06
1483	1.67E-06
1484	6.55E-07
1485	1.36E-06
1486	1.25E-06
1487	1.23E-06
1488	9.25E-07
1489	4.83E-07
1490	6.40E-07
1491	1.37E-06
1492	1.04E-06
1493	5.83E-07
1494	5.54E-07
1495	1.42E-06
1496	1.48E-06
1497	1.73E-06
1498	8.90E-07
1499	8.11E-07
1500	1.07E-06
1501	1.32E-06
1502	2.96E-07
1503	5.25E-07
1504	8.11E-07
1505	5.97E-07
1506	1.18E-06
1507	4.17E-07
1508	1.79E-06
1509	9.59E-07
1510	1.63E-06
1511	2.27E-06
1512	2.19E-06
1513	1.75E-07
1514	1.71E-06
1515	1.40E-06
1516	1.64E-06
1517	1.75E-06
1518	1.24E-06
1519	2.79E-07
1520	2.62E-07
1521	1.99E-06
1522	8.97E-07
1523	8.50E-07
1524	7.28E-07
1525	8.81E-07
1526	5.91E-07
1527	2.84E-07
1528	7.22E-07
1529	1.57E-06
1530	1.63E-06
1531	5.78E-07
1532	2.40E-06
1533	3.41E-06
1534	3.49E-06
1535	1.98E-06
1536	5.68E-07
1537	2.23E-06
1538	2.59E-06
1539	1.98E-06
1540	1.68E-06
1541	1.81E-06
1542	1.54E-06
1543	1.90E-06
1544	1.17E-06
1545	2.29E-06
1546	3.32E-06
1547	2.32E-06
1548	2.04E-06
1549	1.77E-06
1550	1.99E-06
1551	2.82E-06
1552	1.86E-06
1553	1.08E-06
1554	1.23E-06
1555	2.12E-06
1556	2.44E-06
1557	1.66E-06
1558	2.24E-06
1559	3.34E-06
1560	3.39E-06
1561	1.73E-06
1562	3.35E-07
1563	1.58E-06
1564	1.05E-06
1565	1.72E-06
1566	2.00E-06
1567	1.03E-06
1568	3.60E-06
1569	4.11E-06
1570	2.96E-06
1571	1.40E-06
1572	5.80E-07
1573	2.79E-06
1574	2.39E-06
1575	4.51E-07
1576	3.82E-07
1577	4.35E-07
1578	1.48E-06
1579	1.24E-06
1580	1.24E-06
1581	8.06E-07
1582	1.60E-06
1583	2.20E-06
1584	9.60E-07
1585	4.89E-07
1586	6.65E-07
1587	1.19E-06
1588	1.96E-06
1589	2.08E-06
1590	2.87E-07
1591	1.28E-06
1592	1.16E-06
1593	1.30E-06
1594	1.42E-06
1595	1.56E-06
1596	1.55E-06
1597	1.88E-06
1598	3.22E-06
1599	2.79E-06
1600	1.00E-06
1601	8.80E-07
1602	1.55E-06
1603	7.64E-07
1604	1.23E-06
1605	1.68E-06
1606	1.34E-06
1607	7.78E-07
1608	1.36E-06
1609	4.23E-07
1610	6.75E-07
1611	4.02E-07
1612	9.99E-07
1613	9.47E-07
1614	6.18E-07
1615	9.44E-07
1616	1.01E-06
1617	1.64E-06
1618	6.18E-07
1619	2.00E-06
1620	2.01E-06
1621	1.42E-06
1622	6.48E-07
1623	1.66E-06
1624	1.06E-06
1625	8.97E-07
1626	1.47E-06
1627	9.65E-07
1628	2.25E-06
1629	1.48E-06
1630	6.67E-07
1631	1.66E-06
1632	3.93E-06
1633	1.71E-06
1634	2.05E-06
1635	1.94E-06
1636	1.22E-06
1637	3.09E-07
1638	1.17E-06
1639	4.98E-07
1640	9.24E-07
1641	1.59E-06
1642	9.94E-07
1643	2.21E-07
1644	6.88E-07
1645	9.01E-07
1646	1.67E-06
1647	1.17E-06
1648	3.65E-07
1649	1.34E-06
1650	1.99E-06
1651	4.85E-07
1652	1.16E-06
1653	1.80E-06
1654	2.21E-06
1655	1.54E-06
1656	1.11E-06
1657	1.70E-06
1658	1.35E-06
1659	2.10E-06
1660	1.34E-06
1661	7.35E-07
1662	2.44E-07
1663	6.53E-07
1664	3.12E-07
1665	1.13E-06
1666	2.24E-06
1667	2.21E-06
1668	1.98E-06
1669	1.85E-06
1670	9.10E-07
1671	7.75E-07
1672	8.86E-07
1673	1.43E-06
1674	1.55E-06
1675	1.30E-06
1676	8.52E-07
1677	3.37E-07
1678	1.23E-06
1679	2.11E-06
1680	2.58E-06
1681	1.69E-06
1682	2.38E-07
1683	1.12E-06
1684	7.10E-07
1685	1.77E-06
1686	2.41E-06
1687	7.50E-07
1688	2.09E-06
1689	2.85E-06
1690	2.14E-06
1691	8.69E-07
1692	3.62E-07
1693	1.11E-06
1694	2.06E-06
1695	2.10E-06
1696	1.17E-06
1697	6.60E-07
1698	1.36E-06
1699	9.40E-07
1700	8.22E-07
1701	5.46E-07
1702	3.66E-07
1703	1.01E-06
1704	8.42E-07
1705	6.39E-07
1706	9.06E-07
1707	1.02E-06
1708	1.55E-06
1709	1.36E-06
1710	7.41E-07
1711	7.61E-07
1712	1.10E-06
1713	1.98E-06
1714	1.14E-06
1715	5.67E-07
1716	7.95E-07
1717	1.44E-06
1718	1.59E-06
1719	8.29E-07
1720	1.08E-07
1721	7.22E-07
1722	1.25E-06
1723	1.05E-06
1724	6.99E-07
1725	3.68E-07
1726	5.78E-07
1727	5.91E-07
1728	6.80E-07
1729	1.37E-06
1730	2.76E-07
1731	1.75E-06
1732	5.02E-07
1733	8.27E-07
1734	6.25E-07
1735	1.82E-06
1736	4.51E-06
1737	4.91E-06
1738	2.14E-06
1739	6.73E-06
1740	4.63E-06
1741	7.36E-07
1742	3.69E-06
1743	2.66E-06
1744	3.91E-07
1745	1.37E-06
1746	1.37E-06
1747	7.18E-07
1748	1.74E-06
1749	1.87E-06
1750	2.43E-06
1751	3.09E-06
1752	2.65E-06
1753	5.41E-07
1754	1.00E-06
1755	1.98E-06
1756	1.84E-06
1757	5.77E-07
1758	2.10E-07
1759	1.25E-06
1760	1.20E-06
1761	3.34E-07
1762	7.79E-07
1763	1.03E-06
1764	1.03E-06
1765	9.40E-07
1766	2.58E-07
1767	1.56E-07
1768	6.80E-07
1769	1.46E-06
1770	4.72E-07
1771	9.41E-07
1772	1.12E-06
1773	1.72E-06
1774	2.05E-06
1775	1.51E-06
1776	1.53E-06
1777	8.95E-07
1778	7.11E-07
1779	1.58E-06
1780	1.56E-06
1781	1.27E-06
1782	8.19E-07
1783	9.36E-07
1784	5.00E-07
1785	9.31E-07
1786	1.66E-06
1787	7.74E-07
1788	4.11E-07
1789	3.93E-07
1790	3.04E-07
1791	4.23E-07
1792	6.72E-07
1793	2.82E-07
1794	1.95E-07
1795	9.65E-07
1796	1.02E-06
1797	2.56E-07
1798	6.10E-07
1799	1.28E-06
1800	1.28E-06
1801	2.06E-06
1802	1.24E-06
1803	1.59E-06
1804	1.19E-06
1805	1.76E-06
1806	2.49E-06
1807	7.68E-07
1808	3.41E-07
1809	2.91E-07
1810	7.77E-07
1811	5.89E-07
1812	7.86E-07
1813	1.65E-06
1814	1.87E-06
1815	1.31E-06
1816	1.50E-06
1817	1.55E-06
1818	7.47E-07
1819	8.40E-07
1820	4.24E-07
1821	8.76E-07
1822	8.72E-07
1823	2.25E-07
1824	1.84E-07
1825	4.07E-07
1826	7.07E-07
1827	9.93E-07
1828	1.75E-06
1829	2.56E-06
1830	2.42E-06
1831	1.08E-06
1832	7.57E-07
1833	6.84E-07
1834	3.16E-07
1835	6.22E-07
1836	6.34E-07
1837	6.44E-07
1838	9.28E-07
1839	6.72E-07
1840	4.52E-07
1841	2.50E-07
1842	9.77E-07
1843	6.43E-07
1844	1.05E-06
1845	1.41E-06
1846	1.42E-06
1847	1.71E-06
1848	1.29E-06
1849	8.03E-07
1850	1.12E-06
1851	1.39E-06
1852	5.86E-07
1853	1.20E-07
1854	5.84E-07
1855	5.30E-07
1856	4.17E-07
1857	9.00E-07
1858	6.99E-07
1859	9.70E-07
1860	4.99E-07
1861	1.71E-06
1862	1.92E-06
1863	1.01E-06
1864	8.06E-07
1865	2.03E-06
1866	1.43E-06
1867	1.59E-06
1868	7.70E-07
1869	9.45E-07
1870	4.30E-07
1871	8.89E-07
1872	1.05E-06
1873	9.98E-07
1874	2.55E-06
1875	2.46E-06
1876	1.55E-06
1877	3.72E-07
1878	1.37E-06
1879	1.61E-06
1880	8.06E-07
1881	1.29E-06
1882	1.76E-06
1883	5.23E-07
1884	2.12E-07
1885	8.93E-07
1886	4.02E-07
1887	9.83E-07
1888	8.72E-07
1889	9.86E-07
1890	4.27E-07
1891	1.69E-06
1892	1.66E-06
1893	1.49E-06
1894	9.20E-07
1895	3.35E-07
1896	6.38E-07
1897	6.66E-07
1898	1.26E-06
1899	1.12E-06
1900	1.84E-06
1901	2.63E-06
1902	1.95E-06
1903	1.66E-06
1904	1.70E-06
1905	1.00E-06
1906	8.28E-07
1907	1.49E-06
1908	1.52E-06
1909	1.12E-06
1910	1.09E-06
1911	3.99E-07
1912	4.20E-07
1913	5.44E-07
1914	5.86E-07
1915	1.67E-06
1916	9.57E-07
1917	1.07E-06
1918	1.23E-06
1919	9.15E-07
1920	1.55E-06
1921	1.48E-06
1922	1.69E-06
1923	1.58E-06
1924	1.49E-06
1925	1.44E-06
1926	2.80E-06
1927	1.17E-06
1928	7.20E-07
1929	1.95E-06
1930	1.35E-06
1931	9.45E-07
1932	1.63E-06
1933	4.88E-07
1934	8.87E-07
1935	1.78E-06
1936	1.01E-06
1937	3.40E-07
1938	1.13E-06
1939	2.33E-06
1940	1.73E-06
1941	1.36E-06
1942	1.09E-06
1943	4.97E-07
1944	9.80E-07
1945	9.50E-07
1946	1.56E-06
1947	2.28E-06
1948	3.12E-06
1949	2.58E-06
1950	1.79E-06
1951	1.56E-06
1952	1.04E-06
1953	1.92E-06
1954	1.85E-06
1955	5.48E-07
1956	5.52E-07
1957	5.15E-07
1958	1.10E-06
1959	1.52E-06
1960	7.25E-07
1961	8.25E-07
1962	2.06E-06
1963	2.12E-06
1964	1.64E-06
1965	9.70E-07
1966	1.21E-06
1967	1.01E-06
1968	1.15E-06
1969	2.00E-06
1970	8.42E-07
1971	8.23E-07
1972	1.03E-06
1973	1.34E-06
1974	7.92E-07
1975	8.68E-07
1976	1.55E-06
1977	1.31E-06
1978	3.50E-06
1979	3.44E-06
1980	2.19E-06
1981	1.23E-06
1982	6.61E-07
1983	2.18E-07
1984	4.65E-07
1985	1.45E-06
1986	6.40E-07
1987	7.11E-07
1988	6.72E-07
1989	2.08E-06
1990	1.93E-06
1991	8.62E-07
1992	1.10E-06
1993	1.48E-06
1994	6.86E-07
1995	1.70E-06
1996	1.72E-06
1997	1.25E-06
1998	1.18E-06
1999	1.20E-06
2000	6.08E-07
2001	3.46E-07
2002	5.60E-07
2003	7.97E-07
2004	9.84E-07
2005	2.26E-06
2006	1.69E-06
2007	1.30E-06
2008	5.65E-07
2009	7.01E-07
2010	9.29E-07
2011	5.73E-07
2012	1.54E-06
2013	1.27E-06
2014	1.20E-06
2015	7.80E-07
2016	3.17E-07
2017	1.20E-06
2018	1.89E-06
2019	1.08E-06
2020	5.36E-07
2021	6.70E-07
2022	2.60E-07
2023	3.70E-07
2024	4.26E-07
2025	1.38E-07
2026	2.41E-07
2027	3.55E-07
2028	7.03E-07
2029	7.16E-07
2030	2.00E-07
2031	1.25E-06
2032	1.32E-06
2033	8.88E-07
2034	6.67E-07
2035	1.23E-06
2036	1.32E-06
2037	1.09E-06
2038	1.29E-06
2039	1.37E-06
2040	1.48E-06
2041	1.39E-06
2042	1.36E-06
2043	1.69E-06
2044	1.55E-06
2045	6.87E-07
2046	6.46E-07
2047	1.09E-06
2048	2.16E-07
2049	9.73E-07
2050	1.73E-06
2051	1.78E-06
2052	1.51E-06
2053	1.01E-06
2054	1.52E-06
2055	1.65E-06
2056	4.91E-07
2057	3.95E-07
2058	3.43E-07
2059	1.88E-07
2060	8.84E-07
2061	1.32E-06
2062	1.74E-06
2063	8.87E-07
2064	9.72E-07
2065	4.95E-07
2066	3.80E-07
2067	4.13E-07
2068	2.84E-07
2069	9.74E-07
2070	6.82E-07
2071	4.91E-07
2072	6.16E-07
2073	3.80E-07
2074	8.07E-07
2075	7.42E-07
2076	2.85E-07
2077	7.22E-07
2078	5.69E-07
2079	1.01E-06
2080	1.98E-06
2081	1.14E-06
2082	1.42E-06
2083	1.25E-06
2084	1.07E-06
2085	9.69E-07
2086	8.13E-07
2087	4.43E-07
2088	8.47E-07
2089	1.41E-06
2090	1.21E-06
2091	3.74E-07
2092	1.03E-06
2093	3.73E-07
2094	4.10E-07
2095	7.37E-08
2096	1.86E-07
2097	6.69E-07
2098	4.07E-07
2099	3.85E-07
2100	4.86E-07
2101	7.41E-07
2102	6.10E-07
2103	6.90E-07
2104	1.75E-07
2105	7.62E-07
2106	1.29E-06
2107	3.82E-08
2108	1.62E-06
2109	8.97E-07
2110	4.33E-07
2111	1.47E-07
2112	4.86E-07
2113	2.40E-07
2114	8.80E-07
2115	8.83E-07
2116	1.35E-06
2117	1.22E-06
2118	4.37E-07
2119	1.53E-06
2120	1.44E-06
2121	8.87E-07
2122	5.91E-07
2123	5.28E-07
2124	3.06E-07
2125	7.37E-07
2126	1.52E-06
2127	1.30E-06
2128	8.07E-07
2129	1.03E-06
2130	7.84E-07
2131	5.92E-07
2132	1.67E-07
2133	3.79E-07
2134	7.81E-07
2135	7.02E-07
2136	2.12E-07
2137	7.78E-07
2138	1.23E-06
2139	9.60E-07
2140	3.56E-07
2141	1.79E-07
2142	5.51E-07
2143	7.66E-07
2144	2.02E-07
2145	3.77E-07
2146	3.46E-07
2147	6.98E-07
2148	7.43E-07
2149	2.55E-07
2150	6.49E-07
2151	1.20E-06
2152	1.15E-06
2153	6.62E-07
2154	4.66E-07
2155	8.50E-07
2156	3.51E-07
2157	5.24E-07
2158	2.15E-07
2159	4.72E-07
2160	1.04E-06
2161	5.78E-07
2162	3.69E-07
2163	5.73E-07
2164	7.97E-07
2165	8.79E-07
2166	1.23E-06
2167	1.46E-06
2168	1.37E-06
2169	4.27E-07
2170	7.75E-07
2171	6.94E-07
2172	5.90E-07
2173	8.15E-07
2174	1.40E-06
2175	1.79E-06
2176	1.21E-06
2177	3.99E-07
2178	4.97E-07
2179	3.01E-07
2180	7.75E-07
2181	5.42E-07
2182	2.06E-07
2183	8.01E-07
2184	9.74E-07
2185	1.38E-06
2186	9.68E-07
2187	4.23E-07
2188	3.84E-07
2189	6.61E-07
2190	7.88E-07
2191	3.27E-07
2192	6.97E-07
2193	3.32E-07
2194	3.09E-07
2195	5.31E-07
2196	8.30E-07
2197	8.98E-07
2198	2.38E-07
2199	8.76E-07
2200	6.87E-07
2201	5.48E-07
2202	6.12E-07
2203	1.08E-06
2204	1.05E-06
2205	7.58E-07
2206	4.67E-07
2207	1.99E-07
2208	5.71E-08
2209	1.55E-07
2210	8.08E-07
2211	6.85E-07
2212	4.27E-07
2213	2.92E-07
2214	8.50E-07
2215	1.06E-06
2216	8.96E-07
2217	4.96E-07
2218	8.33E-07
2219	5.19E-07
2220	3.74E-07
2221	2.75E-07
2222	6.01E-07
2223	6.24E-07
2224	1.37E-06
2225	1.54E-06
2226	4.52E-07
2227	3.07E-07
2228	8.84E-07
2229	1.11E-06
2230	3.46E-07
2231	9.47E-07
2232	6.91E-07
2233	4.53E-07
2234	2.83E-07
2235	4.47E-07
2236	3.06E-07
2237	3.27E-07
2238	4.08E-07
2239	3.84E-07
2240	9.83E-07
2241	4.05E-07
2242	4.45E-07
2243	9.01E-07
2244	4.45E-07
2245	5.79E-07
2246	1.20E-06
2247	1.26E-06
2248	9.68E-07
2249	1.98E-07
2250	3.21E-07
2251	4.09E-07
2252	4.40E-07
2253	4.10E-07
2254	7.53E-07
2255	5.26E-07
2256	7.79E-07
2257	5.42E-07
2258	1.05E-06
2259	1.78E-06
2260	1.43E-06
2261	1.48E-06
2262	1.48E-06
2263	1.15E-06
2264	6.48E-07
2265	5.04E-07
2266	5.66E-07
2267	4.30E-07
2268	2.76E-07
2269	5.43E-07
2270	4.36E-07
2271	6.14E-07
2272	1.97E-07
2273	1.23E-07
2274	8.30E-07
2275	1.02E-06
2276	1.19E-06
2277	1.01E-06
2278	6.99E-07
2279	6.38E-07
2280	7.67E-07
2281	1.10E-06
2282	3.00E-07
2283	8.97E-07
2284	1.08E-06
2285	1.21E-06
2286	1.12E-06
2287	1.59E-06
2288	1.30E-06
2289	4.70E-07
2290	1.65E-06
2291	1.43E-06
2292	3.37E-07
2293	6.58E-07
2294	4.85E-07
2295	5.68E-07
2296	1.04E-06
2297	5.33E-07
2298	1.32E-06
2299	1.24E-06
2300	8.49E-07
2301	1.53E-06
2302	1.63E-06
2303	9.20E-07
2304	7.34E-07
2305	4.84E-07
2306	5.59E-07
2307	4.42E-07
2308	3.35E-07
2309	4.20E-07
2310	1.85E-07
2311	2.66E-07
2312	8.34E-07
2313	6.05E-07
2314	3.18E-07
2315	5.16E-07
2316	4.15E-07
2317	1.65E-07
2318	3.84E-07
2319	9.64E-07
2320	1.17E-06
2321	9.28E-07
2322	7.82E-07
2323	4.68E-07
2324	2.14E-07
2325	1.01E-06
2326	1.17E-06
2327	1.30E-06
2328	5.87E-07
2329	7.37E-07
2330	1.10E-06
2331	5.34E-07
2332	5.13E-07
2333	6.33E-07
2334	4.15E-07
2335	4.25E-07
2336	9.94E-07
2337	1.20E-06
2338	9.99E-07
2339	1.21E-06
2340	1.51E-06
2341	1.37E-06
2342	1.02E-06
2343	7.19E-07
2344	4.89E-07
2345	7.20E-07
2346	8.14E-07
2347	4.90E-07
2348	2.06E-07
2349	7.46E-07
2350	5.04E-07
2351	9.93E-07
2352	1.76E-06
2353	1.06E-06
2354	3.26E-07
2355	2.27E-07
2356	2.59E-07
2357	4.74E-07
2358	5.49E-07
2359	3.79E-07
2360	1.13E-06
2361	6.61E-07
2362	2.43E-07
2363	3.22E-07
2364	4.47E-07
2365	5.60E-07
2366	6.12E-07
2367	9.72E-07
2368	9.28E-07
2369	5.78E-07
2370	7.05E-07
2371	4.25E-07
2372	3.55E-07
2373	5.68E-07
2374	8.45E-07
2375	5.38E-07
2376	5.16E-07
2377	4.02E-07
2378	1.31E-06
2379	1.27E-06
2380	1.36E-06
2381	1.31E-06
2382	1.12E-06
2383	1.12E-06
2384	1.17E-06
2385	9.02E-07
2386	3.71E-07
2387	3.13E-07
2388	5.24E-07
2389	4.56E-07
2390	9.90E-07
2391	6.88E-07
2392	3.42E-07
2393	7.33E-07
2394	5.58E-07
2395	5.23E-07
2396	7.68E-07
2397	4.73E-07
2398	2.60E-07
2399	1.37E-07
2400	2.21E-07
2401	2.78E-07
2402	8.21E-07
2403	6.61E-07
2404	4.62E-07
2405	1.23E-07
2406	5.76E-07
2407	2.08E-07
2408	3.08E-07
2409	4.91E-07
2410	1.05E-06
2411	4.40E-07
2412	4.57E-07
2413	2.02E-07
2414	6.35E-07
2415	5.39E-07
2416	9.95E-08
2417	7.34E-07
2418	7.68E-07
2419	4.02E-07
2420	5.08E-08
2421	2.55E-07
2422	1.75E-07
2423	4.39E-07
2424	5.29E-07
2425	3.25E-07
2426	1.94E-07
2427	5.11E-07
2428	3.21E-07
2429	1.64E-07
2430	6.96E-07
2431	1.27E-06
2432	5.80E-07
2433	1.05E-06
2434	1.58E-06
2435	1.33E-06
2436	7.86E-07
2437	5.33E-07
2438	4.53E-07
2439	2.39E-07
2440	1.76E-07
2441	4.79E-07
2442	6.03E-07
2443	2.96E-07
2444	1.61E-07
2445	1.13E-07
2446	5.11E-07
2447	1.29E-06
2448	5.42E-07
2449	6.95E-07
2450	1.45E-06
2451	1.60E-06
2452	1.06E-06
2453	5.76E-07
2454	4.86E-07
2455	5.47E-07
2456	6.24E-07
2457	5.39E-07
2458	8.15E-07
2459	9.55E-07
2460	4.76E-07
2461	3.79E-07
2462	7.12E-07
2463	6.33E-07
2464	4.08E-07
2465	2.12E-07
2466	3.02E-07
2467	2.90E-07
2468	7.81E-07
2469	5.18E-07
2470	4.79E-07
2471	1.10E-06
2472	1.07E-06
2473	5.95E-07
2474	4.61E-07
2475	4.19E-07
2476	2.55E-07
2477	6.53E-07
2478	8.16E-07
2479	2.73E-07
2480	6.47E-07
2481	1.68E-06
2482	1.44E-06
2483	3.81E-07
2484	1.86E-06
2485	2.24E-06
2486	3.84E-07
2487	2.00E-07
2488	3.12E-07
2489	6.00E-07
2490	5.83E-07
2491	5.64E-07
2492	4.28E-07
2493	4.18E-07
2494	6.95E-07
2495	1.97E-07
2496	5.19E-08
2497	7.65E-07
2498	7.90E-07
2499	3.29E-07
2500	1.72E-07
2501	1.89E-07
2502	1.12E-06
2503	1.57E-06
2504	1.48E-06
2505	1.16E-06
2506	9.33E-07
2507	3.65E-07
2508	9.83E-08
2509	2.33E-07
2510	8.30E-07
2511	1.63E-06
2512	6.75E-07
2513	8.66E-07
2514	9.10E-07
2515	1.05E-06
2516	1.75E-06
2517	1.33E-06
2518	6.14E-07
2519	1.74E-07
2520	1.08E-06
2521	1.21E-06
2522	8.72E-07
2523	8.14E-07
2524	7.45E-07
2525	1.20E-06
2526	8.06E-07
2527	1.09E-06
2528	2.20E-07
2529	1.49E-06
2530	1.36E-06
2531	7.37E-07
2532	7.65E-07
2533	3.90E-07
2534	2.86E-07
2535	2.72E-07
2536	7.29E-08
2537	6.69E-07
2538	8.52E-07
2539	7.54E-08
2540	1.20E-06
2541	1.35E-06
2542	6.93E-07
2543	5.73E-07
2544	6.88E-07
2545	1.06E-06
2546	6.42E-07
2547	6.55E-07
2548	6.08E-07
2549	9.18E-07
2550	8.36E-07
2551	2.51E-07
2552	3.83E-07
2553	2.96E-07
2554	2.65E-07
2555	7.47E-07
2556	1.28E-06
2557	1.12E-06
2558	3.42E-07
2559	6.18E-07
2560	3.05E-07
2561	1.07E-06
2562	1.14E-06
2563	3.04E-07
2564	4.59E-07
2565	8.32E-07
2566	2.74E-07
2567	1.11E-06
2568	8.15E-07
2569	3.74E-07
2570	5.18E-07
2571	3.84E-07
2572	3.72E-07
2573	7.93E-07
2574	7.32E-07
2575	3.76E-07
2576	2.97E-07
2577	4.05E-07
2578	3.01E-07
2579	6.29E-08
2580	5.58E-07
2581	8.12E-07
2582	9.41E-07
2583	8.28E-07
2584	4.18E-07
2585	6.55E-07
2586	5.50E-07
2587	4.30E-07
2588	3.85E-07
2589	3.70E-07
2590	5.56E-07
2591	6.87E-07
2592	8.78E-07
2593	7.98E-07
2594	8.52E-07
2595	2.81E-07
2596	6.22E-07
2597	1.33E-06
2598	1.57E-06
2599	1.36E-06
2600	7.64E-07
2601	1.06E-07
2602	5.12E-07
2603	4.53E-07
2604	1.04E-06
2605	8.83E-07
2606	1.28E-06
2607	1.09E-06
2608	5.15E-07
2609	7.63E-07
2610	8.35E-07
2611	7.74E-07
2612	6.36E-07
2613	3.25E-07
2614	2.76E-07
2615	5.59E-07
2616	6.05E-07
2617	8.13E-07
2618	6.69E-07
2619	7.34E-07
2620	8.71E-07
2621	2.15E-07
2622	7.87E-07
2623	5.10E-07
2624	2.49E-07
2625	5.51E-07
2626	9.46E-07
2627	1.37E-06
2628	3.54E-07
2629	1.04E-06
2630	7.85E-07
2631	1.04E-06
2632	9.83E-07
2633	3.06E-07
2634	2.26E-07
2635	6.92E-07
2636	7.56E-07
2637	4.25E-07
2638	8.92E-07
2639	1.17E-06
2640	2.12E-07
2641	6.00E-07
2642	6.40E-07
2643	1.02E-06
2644	1.46E-06
2645	9.54E-07
2646	2.43E-07
2647	5.11E-07
2648	8.79E-07
2649	9.07E-07
2650	4.80E-07
2651	7.51E-07
2652	3.59E-07
2653	9.68E-07
2654	1.28E-06
2655	1.35E-06
2656	1.60E-06
2657	8.68E-07
2658	1.09E-06
2659	1.15E-06
2660	7.38E-07
2661	3.68E-07
2662	3.28E-07
2663	6.21E-07
2664	8.71E-07
2665	4.74E-07
2666	5.36E-07
2667	4.98E-07
2668	1.28E-06
2669	6.20E-07
2670	3.22E-07
2671	6.53E-07
2672	1.53E-06
2673	1.89E-06
2674	9.52E-07
2675	1.64E-07
2676	4.87E-07
2677	8.80E-07
2678	5.51E-07
2679	8.86E-07
2680	1.15E-06
2681	9.83E-07
2682	8.72E-07
2683	2.93E-07
2684	3.05E-07
2685	8.04E-07
2686	9.68E-07
2687	4.85E-07
2688	2.61E-07
2689	2.16E-07
2690	8.14E-07
2691	5.59E-07
2692	1.70E-07
2693	1.25E-06
2694	2.99E-06
2695	1.99E-06
2696	6.96E-07
2697	4.72E-07
2698	8.37E-07
2699	1.53E-06
2700	7.07E-07
2701	3.65E-07
2702	2.26E-07
2703	3.74E-07
2704	9.21E-07
2705	8.93E-07
2706	5.45E-07
2707	5.63E-07
2708	6.18E-07
2709	4.29E-07
2710	5.72E-07
2711	4.06E-07
2712	1.11E-06
2713	1.08E-06
2714	9.13E-07
2715	9.51E-07
2716	8.86E-07
2717	7.08E-07
2718	2.98E-07
2719	8.00E-07
2720	9.52E-07
2721	9.22E-07
2722	7.52E-07
2723	6.12E-07
2724	3.03E-07
2725	3.19E-07
2726	5.36E-07
2727	7.71E-07
2728	7.21E-07
2729	9.88E-07
2730	6.97E-07
2731	4.63E-07
2732	6.76E-07
2733	7.16E-07
2734	5.82E-07
2735	4.56E-07
2736	4.43E-07
2737	4.47E-07
2738	2.68E-07
2739	1.14E-06
2740	1.63E-06
2741	1.45E-06
2742	9.19E-07
2743	6.36E-07
2744	1.28E-06
2745	1.35E-06
2746	1.14E-06
2747	3.07E-07
2748	1.16E-06
2749	1.76E-06
2750	1.23E-06
2751	1.01E-06
2752	9.12E-07
2753	1.21E-07
2754	7.31E-07
2755	1.12E-06
2756	1.19E-06
2757	1.17E-06
2758	1.33E-06
2759	1.26E-06
2760	8.42E-07
2761	4.91E-07
2762	3.32E-07
2763	3.31E-07
2764	8.57E-07
2765	1.16E-06
2766	1.20E-07
2767	2.00E-07
2768	5.68E-07
2769	8.73E-07
2770	9.01E-07
2771	9.25E-07
2772	1.10E-06
2773	1.83E-06
2774	1.70E-06
2775	1.39E-06
2776	1.36E-06
2777	1.22E-06
2778	6.44E-07
2779	7.58E-07
2780	1.06E-06
2781	7.27E-07
2782	4.47E-07
2783	1.17E-06
2784	1.67E-06
2785	9.15E-08
2786	1.04E-06
2787	9.74E-07
2788	1.41E-07
2789	3.10E-07
2790	9.47E-08
2791	5.57E-07
2792	9.07E-07
2793	9.20E-07
2794	9.71E-07
2795	1.17E-06
2796	1.19E-06
2797	9.30E-07
2798	3.32E-07
2799	5.26E-07
2800	1.38E-06
2801	7.13E-07
2802	3.97E-07
2803	1.29E-07
2804	6.61E-07
2805	4.29E-07
2806	3.66E-07
2807	2.56E-07
2808	5.57E-08
2809	3.00E-07
2810	4.97E-07
2811	4.74E-07
2812	1.17E-06
2813	8.73E-07
2814	3.56E-07
2815	1.02E-06
2816	4.25E-07
2817	9.50E-07
2818	7.10E-07
2819	4.82E-07
2820	7.04E-07
2821	3.23E-07
2822	4.78E-07
2823	5.51E-07
2824	2.80E-07
2825	7.34E-07
2826	9.57E-07
2827	7.32E-07
2828	2.15E-07
2829	2.15E-07
2830	5.06E-07
2831	5.79E-07
2832	4.81E-07
2833	2.20E-07
2834	3.88E-07
2835	8.40E-07
2836	1.07E-06
2837	3.38E-07
2838	4.85E-07
2839	2.41E-07
2840	4.63E-07
2841	3.04E-07
2842	3.94E-07
2843	7.94E-07
2844	9.39E-07
2845	4.92E-07
2846	1.15E-06
2847	1.96E-06
2848	8.97E-07
2849	5.69E-07
2850	6.08E-07
2851	5.39E-07
2852	1.32E-06
2853	5.49E-07
2854	1.34E-06
2855	1.64E-06
2856	8.21E-07
2857	5.21E-07
2858	8.45E-07
2859	7.92E-07
2860	1.04E-06
2861	1.14E-06
2862	8.08E-07
2863	8.62E-07
2864	1.22E-06
2865	1.26E-06
2866	1.58E-06
2867	1.72E-06
2868	1.07E-06
2869	5.88E-07
2870	6.81E-07
2871	8.38E-07
2872	1.45E-06
2873	1.28E-06
2874	4.78E-07
2875	8.81E-07
2876	1.06E-06
2877	1.37E-06
2878	1.83E-06
2879	1.22E-06
2880	6.71E-07
2881	1.13E-06
2882	1.07E-06
2883	3.77E-07
2884	1.54E-06
2885	1.40E-06
2886	5.93E-07
2887	2.22E-07
2888	3.71E-07
2889	6.76E-07
2890	9.65E-07
2891	7.42E-07
2892	5.66E-07
2893	4.93E-07
2894	2.87E-07
2895	8.79E-07
2896	6.15E-07
2897	4.50E-07
2898	6.90E-07
2899	9.96E-07
2900	1.02E-06
2901	5.28E-07
2902	2.97E-07
2903	8.77E-08
2904	4.84E-07
2905	7.91E-07
2906	9.22E-07
2907	5.70E-07
2908	8.46E-07
2909	1.57E-06
2910	4.48E-07
2911	9.83E-07
2912	1.19E-06
2913	2.54E-07
2914	6.14E-07
2915	4.32E-07
2916	1.18E-06
2917	1.48E-06
2918	8.56E-07
2919	1.08E-06
2920	9.73E-07
2921	1.56E-07
2922	3.29E-07
2923	8.27E-07
2924	1.65E-06
2925	7.69E-07
2926	4.37E-07
2927	4.98E-07
2928	8.52E-07
2929	6.87E-07
2930	7.10E-07
2931	5.50E-07
2932	4.36E-07
2933	2.62E-07
2934	3.52E-07
2935	1.47E-07
2936	5.39E-07
2937	8.73E-07
2938	5.88E-07
2939	3.07E-08
2940	9.22E-07
2941	1.04E-06
2942	8.34E-07
2943	5.21E-07
2944	7.42E-07
2945	1.49E-06
2946	7.94E-07
2947	4.67E-07
2948	1.01E-06
2949	1.38E-06
2950	1.30E-06
2951	9.28E-07
2952	1.10E-06
2953	2.00E-06
2954	1.33E-06
2955	1.33E-06
2956	1.65E-06
2957	9.54E-07
2958	2.33E-07
2959	1.04E-07
2960	2.65E-07
2961	1.46E-07
2962	6.87E-07
2963	1.23E-06
2964	8.80E-07
2965	2.40E-07
2966	3.63E-07
2967	7.67E-07
2968	4.98E-07
2969	6.03E-07
2970	6.09E-07
2971	6.02E-07
2972	3.24E-07
2973	4.41E-08
2974	7.58E-07
2975	7.65E-07
2976	8.30E-07
2977	8.77E-07
2978	3.44E-07
2979	9.03E-07
2980	8.86E-07
2981	9.13E-07
2982	1.50E-06
2983	1.07E-06
2984	2.33E-07
2985	5.90E-07
2986	3.43E-07
2987	6.04E-07
2988	2.68E-07
2989	1.64E-07
2990	2.30E-07
2991	6.01E-07
2992	3.15E-07
2993	5.11E-07
2994	1.20E-06
2995	1.08E-06
2996	5.83E-07
2997	3.29E-07
2998	7.52E-07
2999	1.04E-06
3000	9.78E-07
3001	7.27E-07
3002	5.13E-07
3003	9.79E-07
3004	1.00E-06
3005	7.44E-07
3006	7.21E-07
3007	1.17E-06
3008	3.72E-06
3009	3.55E-06
3010	3.27E-07
3011	6.36E-07
3012	4.19E-07
3013	8.95E-07
3014	1.45E-06
3015	1.73E-06
3016	1.47E-06
3017	7.44E-07
3018	7.08E-07
3019	7.76E-07
3020	1.11E-06
3021	7.33E-07
3022	8.88E-07
3023	7.86E-07
3024	9.64E-07
3025	5.67E-07
3026	1.24E-06
3027	1.76E-06
3028	9.87E-07
3029	5.53E-07
3030	7.69E-07
3031	4.23E-07
3032	8.34E-07
3033	3.11E-07
3034	4.88E-07
3035	1.15E-07
3036	1.03E-06
3037	1.17E-06
3038	7.92E-07
3039	3.60E-07
3040	1.75E-07
3041	2.18E-07
3042	9.65E-07
3043	1.56E-06
3044	1.33E-06
3045	5.74E-07
3046	4.72E-07
3047	7.78E-07
3048	1.02E-06
3049	1.40E-06
3050	1.19E-06
3051	1.82E-06
3052	2.75E-06
3053	6.82E-07
3054	1.31E-06
3055	1.39E-06
3056	1.36E-06
3057	6.20E-07
3058	5.70E-07
3059	4.13E-07
3060	6.55E-08
3061	3.76E-07
3062	4.32E-07
3063	5.29E-07
3064	2.38E-07
3065	5.73E-07
3066	5.98E-07
3067	4.75E-07
3068	1.50E-07
3069	2.99E-07
3070	4.25E-07
3071	1.23E-06
3072	1.10E-06
3073	8.48E-07
3074	8.58E-07
3075	1.22E-06
3076	1.18E-06
3077	9.53E-07
3078	7.31E-07
3079	6.04E-07
3080	1.45E-07
3081	9.16E-07
3082	1.05E-06
3083	3.25E-07
3084	4.08E-07
3085	4.45E-07
3086	2.96E-07
3087	9.78E-08
3088	5.86E-07
3089	5.31E-07
3090	8.72E-07
3091	1.02E-06
3092	6.84E-07
3093	7.72E-07
3094	5.86E-07
3095	6.81E-07
3096	3.16E-07
3097	7.65E-07
3098	4.93E-07
3099	2.32E-07
3100	7.55E-07
3101	1.14E-06
3102	5.07E-07
3103	5.36E-07
3104	9.37E-07
3105	4.78E-07
3106	7.81E-07
3107	9.34E-07
3108	3.30E-07
3109	4.17E-07
3110	1.50E-07
3111	3.80E-07
3112	7.85E-07
3113	6.28E-07
3114	3.22E-07
3115	4.57E-07
3116	3.40E-07
3117	4.78E-07
3118	1.30E-06
3119	1.61E-06
3120	1.13E-06
3121	1.11E-06
3122	8.47E-07
3123	6.08E-07
3124	8.41E-07
3125	7.02E-07
3126	6.28E-07
3127	6.95E-07
3128	6.16E-07
3129	4.71E-07
3130	9.34E-07
3131	1.27E-06
3132	7.86E-07
3133	2.28E-07
3134	4.33E-07
3135	7.06E-07
3136	1.57E-06
3137	1.26E-06
3138	3.56E-07
3139	5.42E-07
3140	4.28E-07
3141	1.17E-06
3142	1.56E-06
3143	1.31E-06
3144	9.29E-07
3145	1.16E-06
3146	9.09E-07
3147	2.94E-07
3148	3.85E-07
3149	2.01E-07
3150	3.75E-07
3151	6.06E-07
3152	6.68E-07
3153	4.95E-07
3154	1.96E-07
3155	2.45E-07
3156	2.90E-07
3157	4.94E-07
3158	6.06E-07
3159	6.52E-07
3160	2.95E-07
3161	3.33E-07
3162	7.07E-07
3163	6.59E-07
3164	4.20E-07
3165	4.73E-07
3166	8.60E-07
3167	7.13E-07
3168	3.76E-07
3169	1.75E-07
3170	4.85E-07
3171	2.84E-07
3172	2.64E-07
3173	5.48E-07
3174	5.11E-07
3175	3.10E-07
3176	1.17E-06
3177	1.06E-06
3178	5.02E-07
3179	1.19E-06
3180	4.77E-07
3181	4.15E-07
3182	4.00E-07
3183	4.32E-07
3184	3.23E-07
3185	2.21E-07
3186	2.16E-07
3187	1.22E-07
3188	5.14E-07
3189	1.02E-06
3190	1.16E-06
3191	1.03E-06
3192	1.06E-06
3193	7.37E-07
3194	8.53E-07
3195	2.11E-07
3196	9.33E-07
3197	1.10E-06
3198	8.38E-07
3199	8.20E-07
3200	7.15E-07
3201	3.00E-07
3202	1.11E-06
3203	1.48E-06
3204	1.47E-06
3205	9.50E-07
3206	3.85E-07
3207	6.54E-07
3208	1.48E-06
3209	1.30E-06
3210	6.76E-07
3211	1.13E-06
3212	1.41E-06
3213	9.49E-07
3214	3.69E-07
3215	3.99E-07
3216	5.95E-07
3217	7.39E-07
3218	6.25E-07
3219	5.22E-07
3220	5.70E-07
3221	2.80E-07
3222	8.24E-07
3223	2.48E-07
3224	3.48E-07
3225	6.72E-08
3226	4.76E-07
3227	9.11E-07
3228	6.28E-07
3229	1.93E-07
3230	4.63E-07
3231	1.33E-06
3232	1.40E-06
3233	6.37E-07
3234	2.12E-07
3235	2.52E-07
3236	3.57E-07
3237	5.64E-07
3238	2.37E-07
3239	3.92E-07
3240	2.10E-07
3241	6.14E-07
3242	5.35E-07
3243	1.92E-07
3244	4.03E-07
3245	4.14E-07
3246	7.63E-09
3247	6.12E-07
3248	6.42E-07
3249	3.77E-07
3250	6.91E-07
3251	6.64E-07
3252	5.20E-07
3253	2.05E-07
3254	8.93E-07
3255	9.56E-07
3256	2.83E-07
3257	1.38E-07
3258	5.00E-07
3259	5.58E-07
3260	7.27E-07
3261	9.34E-07
3262	1.24E-06
3263	1.45E-06
3264	1.67E-06
3265	1.53E-06
3266	6.79E-07
3267	2.90E-07
3268	3.02E-07
3269	2.15E-07
3270	1.54E-07
3271	5.06E-07
3272	5.04E-07
3273	4.24E-07
3274	1.01E-06
3275	5.89E-07
3276	5.78E-07
3277	6.16E-07
3278	1.59E-07
3279	4.13E-07
3280	3.86E-07
3281	5.41E-07
3282	1.26E-06
3283	1.00E-06
3284	5.90E-07
3285	8.37E-07
3286	7.66E-07
3287	2.31E-07
3288	3.10E-07
3289	3.23E-07
3290	5.79E-07
3291	9.28E-07
3292	6.38E-07
3293	7.95E-07
3294	1.09E-06
3295	8.53E-07
3296	6.33E-07
3297	2.25E-07
3298	5.01E-07
3299	1.22E-07
3300	9.32E-07
3301	1.15E-06
3302	6.45E-07
3303	4.79E-07
3304	8.11E-08
3305	2.42E-07
3306	1.94E-07
3307	3.22E-07
3308	7.93E-07
3309	1.00E-06
3310	6.18E-07
3311	5.43E-07
3312	6.72E-07
3313	8.88E-07
3314	3.54E-07
3315	2.14E-07
3316	4.78E-07
3317	1.43E-07
3318	4.73E-07
3319	5.18E-07
3320	8.10E-07
3321	6.62E-07
3322	6.09E-07
3323	4.62E-07
3324	4.83E-07
3325	2.78E-07
3326	5.90E-07
3327	1.02E-06
3328	7.78E-07
3329	5.31E-07
3330	3.46E-07
3331	7.12E-07
3332	4.09E-07
3333	6.36E-07
3334	8.21E-07
3335	5.42E-07
3336	4.10E-07
3337	4.69E-07
3338	2.34E-07
3339	7.66E-07
3340	1.01E-06
3341	1.04E-06
3342	4.41E-07
3343	5.24E-07
3344	4.27E-07
3345	9.84E-07
3346	1.04E-06
3347	1.27E-06
3348	1.47E-06
3349	6.39E-07
3350	3.70E-07
3351	5.66E-07
3352	3.72E-07
3353	6.65E-07
3354	7.36E-07
3355	1.62E-06
3356	1.14E-06
3357	9.89E-07
3358	6.11E-07
3359	4.42E-07
3360	6.41E-07
3361	1.22E-06
3362	1.08E-06
3363	7.45E-07
3364	1.02E-06
3365	6.81E-07
3366	8.25E-07
3367	1.30E-06
3368	7.61E-07
3369	4.49E-07
3370	7.52E-07
3371	3.44E-07
3372	7.42E-07
3373	1.33E-07
3374	1.71E-07
3375	7.49E-07
3376	8.48E-07
3377	3.79E-07
3378	8.41E-07
3379	3.79E-07
3380	5.17E-07
3381	1.15E-06
3382	1.49E-06
3383	9.71E-07
3384	4.22E-07
3385	7.54E-07
3386	8.10E-07
3387	1.24E-06
3388	4.60E-07
3389	7.31E-07
3390	8.10E-07
3391	5.49E-07
3392	2.56E-07
3393	2.74E-07
3394	2.95E-07
3395	1.29E-06
3396	1.37E-06
3397	6.23E-07
3398	4.67E-07
3399	6.86E-07
3400	9.66E-07
3401	4.80E-07
3402	6.16E-07
3403	1.28E-06
3404	9.82E-07
3405	6.64E-07
3406	5.86E-07
3407	1.09E-06
3408	1.45E-06
3409	1.09E-06
3410	4.96E-07
3411	1.96E-07
3412	4.23E-07
3413	6.54E-07
3414	8.29E-08
3415	3.54E-07
3416	9.15E-07
3417	1.84E-06
3418	1.14E-06
3419	2.59E-07
3420	6.54E-07
3421	8.80E-07
3422	3.02E-07
3423	5.52E-07
3424	7.13E-07
3425	6.92E-07
3426	5.84E-07
3427	5.41E-07
3428	1.92E-07
3429	4.20E-07
3430	5.08E-07
3431	5.24E-08
3432	6.58E-07
3433	3.30E-07
3434	3.80E-07
3435	5.91E-07
3436	1.37E-06
3437	1.30E-06
3438	5.31E-07
3439	2.40E-07
3440	6.55E-07
3441	5.06E-07
3442	4.69E-07
3443	1.11E-06
3444	1.06E-06
3445	1.11E-06
3446	9.62E-07
3447	7.13E-07
3448	5.00E-07
3449	4.34E-08
3450	3.61E-07
3451	8.87E-07
3452	2.33E-07
3453	3.89E-07
3454	3.57E-08
3455	6.63E-08
3456	4.36E-07
3457	5.80E-07
3458	2.42E-07
3459	6.67E-07
3460	5.03E-07
3461	3.05E-07
3462	6.50E-07
3463	6.20E-07
3464	6.19E-07
3465	1.60E-06
3466	1.05E-06
3467	4.21E-07
3468	2.55E-07
3469	7.62E-07
3470	8.99E-07
3471	1.68E-07
3472	1.08E-06
3473	1.19E-06
3474	6.28E-07
3475	5.90E-07
3476	5.66E-07
3477	4.56E-07
3478	3.17E-07
3479	9.04E-07
3480	6.31E-07
3481	8.23E-07
3482	6.40E-07
3483	2.81E-07
3484	1.90E-07
3485	8.25E-07
3486	1.09E-06
3487	8.39E-07
3488	5.72E-07
3489	1.31E-06
3490	1.25E-06
3491	3.23E-07
3492	7.60E-07
3493	8.62E-07
3494	4.48E-07
3495	2.59E-07
3496	3.53E-07
3497	2.52E-07
3498	7.06E-07
3499	1.04E-06
3500	1.13E-06
3501	9.45E-07
3502	4.40E-07
3503	1.17E-06
3504	1.68E-06
3505	5.96E-07
3506	2.58E-07
3507	5.94E-07
3508	1.06E-06
3509	8.72E-07
3510	6.10E-07
3511	8.72E-07
3512	1.20E-06
3513	4.83E-07
3514	1.79E-07
3515	1.05E-08
3516	3.71E-07
3517	4.07E-07
3518	3.15E-07
3519	8.98E-07
3520	9.05E-07
3521	3.86E-07
3522	2.92E-07
3523	1.18E-06
3524	1.02E-06
3525	5.81E-07
3526	6.67E-07
3527	3.21E-07
3528	5.32E-07
3529	5.52E-07
3530	1.34E-06
3531	1.19E-06
3532	9.08E-07
3533	8.87E-07
3534	7.52E-07
3535	7.48E-07
3536	3.63E-07
3537	5.37E-07
3538	5.80E-07
3539	5.48E-07
3540	5.23E-07
3541	7.87E-07
3542	9.07E-07
3543	1.76E-07
3544	1.16E-07
3545	1.89E-07
3546	2.95E-07
3547	8.70E-07
3548	5.72E-07
3549	8.65E-07
3550	3.19E-07
3551	6.17E-07
3552	1.28E-06
3553	1.37E-06
3554	4.02E-07
3555	1.09E-06
3556	1.92E-07
3557	3.28E-07
3558	9.60E-07
3559	1.68E-06
3560	1.47E-06
3561	8.59E-07
3562	8.35E-07
3563	6.79E-07
3564	7.61E-07
3565	1.08E-06
3566	7.93E-07
3567	9.24E-07
3568	1.58E-06
3569	1.22E-06
3570	7.45E-07
3571	5.80E-07
3572	7.11E-07
3573	1.03E-06
3574	8.52E-07
3575	6.17E-07
3576	3.60E-07
3577	3.20E-07
3578	4.73E-07
3579	5.35E-07
3580	9.17E-07
3581	5.03E-07
3582	3.56E-07
3583	5.91E-07
3584	9.91E-08
3585	1.42E-06
3586	1.49E-06
3587	8.08E-07
3588	8.42E-07
3589	3.35E-07
3590	7.07E-07
3591	5.36E-07
3592	2.72E-07
3593	1.12E-06
3594	8.99E-07
3595	3.47E-08
3596	1.83E-07
3597	1.87E-07
3598	5.09E-07
3599	5.03E-07
3600	5.49E-07
3601	6.71E-07
3602	1.51E-07
3603	1.02E-06
3604	1.07E-06
3605	6.54E-07
3606	6.50E-07
3607	1.42E-07
3608	7.41E-07
3609	5.00E-07
3610	4.96E-07
3611	8.19E-07
3612	4.98E-07
3613	3.58E-07
3614	4.33E-07
3615	1.75E-07
3616	1.96E-07
3617	4.45E-07
3618	7.47E-07
3619	6.75E-07
3620	1.31E-07
3621	1.28E-06
3622	1.46E-06
3623	5.95E-07
3624	4.48E-07
3625	5.08E-07
3626	2.86E-07
3627	8.80E-07
3628	1.14E-06
3629	5.64E-07
3630	9.02E-07
3631	7.88E-07
3632	3.17E-07
3633	4.19E-07
3634	3.83E-07
3635	5.03E-07
3636	6.15E-07
3637	6.31E-07
3638	8.62E-07
3639	6.19E-07
3640	3.97E-07
3641	3.23E-07
3642	3.97E-07
3643	6.05E-07
3644	6.87E-07
3645	9.13E-07
3646	9.95E-07
3647	8.53E-07
3648	8.79E-07
3649	4.83E-07
3650	1.13E-06
3651	1.43E-06
3652	6.01E-07
3653	5.01E-07
3654	3.98E-07
3655	5.37E-07
3656	4.19E-07
3657	3.65E-07
3658	6.99E-07
3659	5.43E-07
3660	9.01E-07
3661	9.62E-07
3662	8.31E-07
3663	7.49E-07
3664	3.79E-07
3665	9.67E-07
3666	1.59E-06
3667	1.27E-06
3668	5.74E-07
3669	3.91E-07
3670	4.52E-07
3671	5.95E-07
3672	8.92E-07
3673	1.36E-06
3674	1.19E-06
3675	6.18E-07
3676	1.18E-06
3677	1.02E-06
3678	3.83E-07
3679	2.74E-07
3680	4.26E-07
3681	4.65E-07
3682	1.21E-07
3683	8.32E-07
3684	7.50E-07
3685	3.95E-07
3686	2.22E-07
3687	1.85E-07
3688	2.70E-07
3689	7.00E-07
3690	4.14E-07
3691	1.39E-06
3692	1.15E-06
3693	2.80E-07
3694	9.24E-07
3695	1.23E-06
3696	1.97E-06
3697	1.06E-06
3698	2.25E-07
3699	7.64E-07
3700	4.81E-07
3701	2.44E-07
3702	2.36E-07
3703	6.44E-07
3704	1.23E-06
3705	1.22E-06
3706	5.61E-07
3707	9.86E-07
3708	4.36E-07
3709	4.65E-07
3710	3.14E-07
3711	5.98E-07
3712	5.19E-07
3713	6.92E-07
3714	6.37E-07
3715	3.13E-07
3716	6.72E-07
3717	5.12E-07
3718	2.79E-07
3719	9.68E-07
3720	9.96E-07
3721	1.14E-06
3722	7.62E-07
3723	2.98E-07
3724	6.65E-07
3725	6.02E-07
3726	4.84E-07
3727	4.55E-07
3728	1.03E-06
3729	1.12E-06
3730	1.63E-07
3731	5.54E-07
3732	3.88E-07
3733	2.38E-07
3734	4.11E-07
3735	4.50E-07
3736	1.82E-07
3737	6.28E-07
3738	1.09E-06
3739	7.73E-07
3740	7.96E-07
3741	6.08E-07
3742	1.78E-07
3743	3.33E-07
3744	8.95E-08
3745	3.72E-07
3746	3.26E-07
3747	1.92E-07
3748	5.94E-07
3749	5.07E-07
3750	2.66E-07
3751	4.45E-07
3752	4.07E-07
3753	1.06E-06
3754	1.34E-06
3755	7.48E-07
3756	9.32E-07
3757	1.08E-06
3758	4.99E-07
3759	6.58E-07
3760	1.06E-06
3761	9.49E-07
3762	1.03E-06
3763	1.12E-06
3764	1.15E-06
3765	9.08E-07
3766	5.61E-07
3767	1.08E-06
3768	1.30E-06
3769	7.49E-07
3770	4.66E-07
3771	6.01E-07
3772	1.71E-07
3773	3.61E-07
3774	2.38E-07
3775	2.84E-07
3776	3.29E-07
3777	8.10E-07
3778	9.18E-08
3779	4.31E-07
3780	5.28E-07
3781	1.19E-06
3782	1.07E-06
3783	6.25E-07
3784	5.32E-07
3785	4.11E-08
3786	6.10E-07
3787	1.35E-06
3788	3.38E-07
3789	1.27E-06
3790	8.25E-07
3791	4.42E-07
3792	5.30E-07
3793	3.08E-07
3794	6.84E-07
3795	6.26E-07
3796	5.16E-07
3797	7.55E-07
3798	1.03E-06
3799	5.91E-07
3800	6.18E-07
3801	4.28E-07
3802	5.27E-07
3803	9.91E-07
3804	5.49E-07
3805	5.46E-07
3806	4.02E-07
3807	3.34E-07
3808	5.84E-07
3809	5.52E-07
3810	4.10E-07
3811	2.99E-07
3812	2.51E-07
3813	1.04E-06
3814	1.23E-06
3815	4.14E-07
3816	2.74E-07
3817	3.59E-07
3818	2.93E-07
3819	5.45E-07
3820	2.36E-07
3821	7.34E-07
3822	9.24E-07
3823	7.76E-07
3824	1.25E-06
3825	1.24E-06
3826	7.98E-07
3827	2.10E-07
3828	7.58E-07
3829	9.13E-07
3830	7.01E-07
3831	3.49E-07
3832	3.96E-07
3833	1.03E-07
3834	8.93E-07
3835	3.18E-07
3836	4.98E-07
3837	5.49E-07
3838	8.32E-07
3839	6.35E-07
3840	2.56E-07
3841	2.67E-07
3842	4.43E-07
3843	1.24E-06
3844	9.42E-07
3845	5.03E-07
3846	8.14E-07
3847	1.49E-06
3848	1.02E-06
3849	6.18E-07
3850	1.74E-06
3851	1.18E-06
3852	2.22E-07
3853	6.01E-07
3854	6.86E-07
3855	5.40E-07
3856	1.45E-06
3857	1.50E-06
3858	1.21E-06
3859	1.05E-06
3860	4.42E-07
3861	4.75E-07
3862	2.34E-07
3863	3.37E-07
3864	5.17E-07
3865	8.68E-07
3866	5.96E-07
3867	1.06E-06
3868	1.11E-06
3869	1.49E-06
3870	1.61E-06
3871	5.23E-07
3872	1.03E-06
3873	6.45E-07
3874	6.33E-07
3875	1.02E-06
3876	9.23E-08
3877	1.42E-06
3878	1.27E-06
3879	5.28E-07
3880	1.08E-06
3881	5.12E-07
3882	8.50E-07
3883	5.37E-07
3884	3.16E-07
3885	4.37E-07
3886	2.05E-07
3887	1.23E-08
3888	4.42E-07
3889	2.33E-07
3890	3.56E-07
3891	4.60E-07
3892	3.56E-07
3893	6.21E-07
3894	1.63E-06
3895	9.17E-07
3896	3.59E-07
3897	3.55E-07
3898	2.60E-07
3899	3.19E-07
3900	5.35E-07
3901	8.37E-07
3902	9.27E-07
3903	1.19E-06
3904	1.29E-06
3905	9.17E-07
3906	4.25E-07
3907	1.97E-07
3908	9.18E-07
3909	1.14E-06
3910	5.67E-07
3911	6.77E-07
3912	1.10E-06
3913	7.04E-07
3914	4.66E-07
3915	1.12E-06
3916	8.51E-07
3917	2.33E-07
3918	3.81E-07
3919	7.33E-07
3920	9.99E-08
3921	3.00E-07
3922	1.91E-07
3923	5.03E-07
3924	5.97E-07
3925	2.01E-07
3926	4.86E-07
3927	3.44E-07
3928	5.64E-07
3929	7.50E-07
3930	2.00E-07
3931	7.18E-07
3932	9.09E-07
3933	6.97E-07
3934	6.19E-07
3935	9.52E-07
3936	1.59E-06
3937	1.05E-06
3938	4.43E-07
3939	4.18E-07
3940	6.96E-07
3941	1.13E-06
3942	5.89E-07
3943	3.65E-07
3944	6.05E-07
3945	4.81E-07
3946	1.15E-06
3947	1.43E-06
3948	1.34E-06
3949	1.67E-07
3950	3.33E-07
3951	4.11E-07
3952	3.39E-07
3953	2.29E-07
3954	2.85E-08
3955	3.54E-07
3956	1.02E-06
3957	1.44E-06
3958	1.02E-06
3959	1.14E-06
3960	1.31E-06
3961	7.41E-07
3962	4.99E-07
3963	4.70E-07
3964	6.45E-07
3965	9.31E-07
3966	1.01E-06
3967	9.74E-07
3968	7.41E-07
3969	3.22E-07
3970	3.32E-07
3971	2.93E-07
3972	4.28E-07
3973	1.26E-06
3974	1.34E-06
3975	4.45E-07
3976	2.09E-07
3977	3.55E-07
3978	6.16E-07
3979	2.88E-07
3980	2.64E-07
3981	2.92E-07
3982	2.20E-07
3983	4.80E-07
3984	3.27E-07
3985	3.61E-07
3986	5.07E-07
3987	4.11E-07
3988	5.47E-07
3989	1.50E-07
3990	8.74E-07
3991	4.39E-07
3992	1.40E-06
3993	1.04E-06
3994	4.54E-07
3995	3.75E-07
3996	7.59E-07
3997	4.05E-07
3998	3.76E-07
3999	3.93E-07
4000	4.44E-07
4001	8.98E-07
4002	7.00E-07
4003	7.43E-07
4004	7.45E-07
4005	5.10E-07
4006	2.92E-07
4007	3.93E-07
4008	3.43E-07
4009	1.52E-06
4010	1.38E-06
4011	5.19E-07
4012	9.97E-07
4013	9.83E-07
4014	6.01E-07
4015	9.32E-07
4016	5.64E-07
4017	5.42E-08
4018	5.60E-07
4019	8.28E-07
4020	6.89E-07
4021	6.12E-07
4022	9.04E-07
4023	1.48E-06
4024	7.69E-07
4025	6.20E-07
4026	1.24E-06
4027	1.30E-06
4028	1.11E-06
4029	8.91E-07
4030	2.64E-07
4031	5.78E-07
4032	5.02E-07
4033	4.48E-07
4034	2.69E-07
4035	2.70E-07
4036	4.30E-07
4037	5.78E-07
4038	9.42E-07
4039	7.55E-07
4040	4.16E-06
4041	6.37E-06
4042	2.30E-06
4043	7.19E-07
4044	1.03E-06
4045	9.49E-07
4046	7.61E-07
4047	1.19E-06
4048	1.40E-06
4049	1.08E-06
4050	3.61E-07
4051	1.37E-06
4052	1.02E-06
4053	1.20E-07
4054	7.26E-07
4055	8.78E-07
4056	5.39E-07
4057	8.49E-07
4058	1.26E-06
4059	5.74E-07
4060	1.41E-07
4061	2.41E-07
4062	3.13E-07
4063	9.15E-07
4064	1.12E-06
4065	4.58E-07
4066	1.45E-06
4067	1.96E-06
4068	1.22E-06
4069	8.82E-07
4070	2.97E-07
4071	5.78E-07
4072	5.78E-07
4073	1.24E-06
4074	2.29E-06
4075	1.14E-06
4076	3.59E-07
4077	6.72E-07
4078	5.87E-07
4079	1.21E-06
4080	9.57E-07
4081	7.76E-07
4082	8.79E-07
4083	1.13E-06
4084	6.59E-07
4085	4.81E-07
4086	2.07E-07
4087	1.03E-06
4088	1.05E-06
4089	7.06E-07
4090	7.69E-08
4091	8.59E-07
4092	1.15E-06
4093	8.11E-07
4094	5.49E-07
4095	1.91E-06
4096	1.52E-06
4097	1.17E-06
4098	1.08E-06
4099	6.87E-07
4100	5.96E-07
4101	2.63E-07
4102	3.01E-07
4103	8.59E-07
4104	8.35E-07
4105	1.25E-06
4106	1.19E-06
4107	1.11E-06
4108	6.35E-07
4109	3.40E-07
4110	6.67E-07
4111	8.12E-07
4112	9.10E-07
4113	8.92E-07
4114	6.66E-07
4115	4.92E-07
4116	6.37E-07
4117	7.80E-07
4118	5.77E-07
4119	8.31E-07
4120	6.87E-07
4121	4.26E-07
4122	4.43E-07
4123	4.25E-07
4124	3.33E-07
4125	1.13E-06
4126	1.64E-06
4127	1.19E-06
4128	7.80E-07
4129	6.09E-07
4130	7.61E-07
4131	4.73E-07
4132	1.40E-06
4133	1.45E-06
4134	1.56E-06
4135	1.65E-06
4136	1.76E-06
4137	1.64E-06
4138	7.47E-07
4139	4.23E-07
4140	6.25E-07
4141	3.57E-07
4142	6.25E-07
4143	5.69E-07
4144	8.07E-08
4145	2.14E-07
4146	5.19E-07
4147	8.78E-07
4148	8.43E-07
4149	9.30E-07
4150	2.70E-07
4151	4.91E-07
4152	1.36E-07
4153	5.25E-07
4154	1.71E-07
4155	2.96E-07
4156	3.72E-07
4157	3.94E-07
4158	2.85E-07
4159	7.50E-07
4160	4.68E-07
4161	1.16E-06
4162	1.08E-07
4163	9.86E-07
4164	1.38E-06
4165	8.65E-07
4166	4.60E-07
4167	6.45E-07
4168	4.65E-07
4169	2.45E-07
4170	9.42E-08
4171	2.90E-07
4172	7.86E-07
4173	7.40E-07
4174	3.80E-07
4175	1.52E-07
4176	3.16E-07
4177	1.30E-07
4178	1.84E-07
4179	1.60E-06
4180	2.59E-06
4181	1.47E-06
4182	6.81E-07
4183	4.10E-07
4184	9.61E-07
4185	9.40E-07
4186	1.37E-06
4187	1.34E-06
4188	3.08E-07
4189	7.89E-07
4190	6.78E-07
4191	1.38E-07
4192	6.53E-07
4193	5.62E-07
4194	6.01E-07
4195	7.15E-07
4196	9.59E-08
4197	4.58E-07
4198	6.90E-07
4199	1.20E-06
4200	7.20E-07
4201	2.96E-07
4202	1.76E-07
4203	1.11E-07
4204	3.87E-07
4205	4.80E-07
4206	5.74E-07
4207	8.27E-07
4208	5.85E-07
4209	7.26E-07
4210	6.16E-07
4211	1.22E-07
4212	7.06E-07
4213	4.20E-07
4214	2.42E-07
4215	2.96E-07
4216	4.56E-07
4217	7.64E-07
4218	7.41E-07
4219	7.93E-07
4220	2.22E-07
4221	9.36E-07
4222	4.25E-07
4223	5.88E-07
4224	7.41E-07
4225	4.26E-07
4226	4.22E-07
4227	6.72E-07
4228	4.77E-07
4229	4.70E-07
4230	6.92E-07
4231	6.20E-07
4232	4.72E-07
4233	6.31E-07
4234	1.03E-06
4235	1.57E-06
4236	2.21E-06
4237	1.44E-06
4238	2.62E-07
4239	3.35E-07
4240	6.06E-07
4241	3.27E-07
4242	4.36E-07
4243	3.67E-07
4244	9.87E-07
4245	4.62E-07
4246	2.64E-07
4247	4.59E-07
4248	1.25E-06
4249	1.31E-06
4250	5.87E-07
4251	6.35E-07
4252	1.27E-06
4253	1.07E-06
4254	4.57E-07
4255	4.57E-07
4256	1.07E-06
4257	1.02E-06
4258	1.62E-07
4259	3.90E-07
4260	2.13E-07
4261	1.03E-07
4262	5.03E-07
4263	2.99E-07
4264	6.37E-07
4265	3.61E-07
4266	7.65E-07
4267	1.24E-06
4268	8.30E-07
4269	1.85E-07
4270	1.63E-07
4271	6.42E-07
4272	1.00E-06
4273	7.22E-07
4274	3.49E-07
4275	2.91E-07
4276	1.16E-06
4277	1.55E-06
4278	7.83E-07
4279	5.00E-07
4280	1.11E-06
4281	1.05E-06
4282	2.72E-07
4283	4.46E-07
4284	2.38E-07
4285	2.77E-07
4286	2.19E-07
4287	5.49E-07
4288	3.04E-07
4289	7.05E-07
4290	8.86E-07
4291	1.17E-06
4292	9.01E-07
4293	4.95E-07
4294	7.66E-07
4295	5.64E-07
4296	1.35E-06
4297	8.54E-07
4298	6.10E-07
4299	8.48E-07
4300	7.44E-07
4301	8.12E-07
4302	9.04E-07
4303	6.76E-07
4304	2.17E-07
4305	3.12E-07
4306	6.48E-07
4307	7.38E-07
4308	2.46E-07
4309	1.66E-07
4310	3.02E-07
4311	7.04E-07
4312	9.78E-07
4313	3.60E-07
4314	6.53E-07
4315	3.85E-07
4316	5.48E-08
4317	6.71E-07
4318	1.76E-06
4319	1.97E-06
4320	1.22E-06
4321	6.07E-07
4322	9.03E-07
4323	7.18E-07
4324	5.51E-07
4325	1.25E-06
4326	4.04E-06
4327	3.75E-06
4328	9.59E-07
4329	7.54E-07
4330	1.58E-06
4331	8.38E-07
4332	8.50E-07
4333	9.33E-07
4334	5.92E-07
4335	5.93E-07
4336	6.02E-07
4337	1.63E-06
4338	1.43E-06
4339	1.14E-06
4340	9.17E-07
4341	7.30E-07
4342	6.18E-07
4343	6.33E-07
4344	1.29E-06
4345	1.26E-06
4346	9.22E-07
4347	4.02E-07
4348	8.23E-07
4349	7.47E-07
4350	7.32E-07
4351	1.29E-06
4352	5.26E-07
4353	3.88E-07
4354	6.86E-07
4355	7.42E-07
4356	7.41E-07
4357	8.24E-07
4358	8.88E-07
4359	2.13E-06
4360	2.09E-06
4361	8.06E-07
4362	6.93E-07
4363	1.08E-06
4364	1.11E-06
4365	9.21E-07
4366	5.25E-07
4367	9.03E-07
4368	2.50E-07
4369	6.98E-07
4370	5.05E-07
4371	5.86E-07
4372	4.35E-07
4373	6.78E-07
4374	6.98E-07
4375	1.39E-07
4376	1.10E-06
4377	1.14E-06
4378	9.67E-07
4379	8.94E-07
4380	8.28E-07
4381	7.31E-07
4382	3.05E-07
4383	1.59E-07
4384	9.68E-07
4385	7.63E-07
4386	2.58E-07
4387	7.75E-07
4388	1.20E-06
4389	1.17E-06
4390	1.04E-06
4391	2.75E-07
4392	6.38E-07
4393	7.47E-07
4394	1.14E-06
4395	1.27E-06
4396	8.64E-07
4397	1.05E-06
4398	7.32E-07
4399	4.17E-07
4400	7.11E-07
4401	1.34E-06
4402	7.14E-07
4403	7.98E-07
4404	2.59E-07
4405	2.55E-07
4406	6.10E-07
4407	6.29E-07
4408	7.08E-07
4409	9.19E-07
4410	4.36E-07
4411	4.92E-07
4412	4.97E-07
4413	6.02E-07
4414	8.27E-07
4415	7.07E-07
4416	1.04E-06
4417	1.40E-06
4418	3.65E-07
4419	5.38E-07
4420	4.70E-07
4421	1.10E-06
4422	1.01E-06
4423	3.48E-07
4424	8.16E-07
4425	4.01E-07
4426	1.47E-06
4427	1.41E-06
4428	1.37E-06
4429	2.16E-07
4430	1.40E-06
4431	1.51E-06
4432	8.50E-07
4433	1.23E-06
4434	1.63E-06
4435	1.52E-06
4436	9.22E-07
4437	8.36E-07
4438	8.53E-07
4439	6.85E-07
4440	1.71E-07
4441	9.99E-07
4442	1.46E-06
4443	1.39E-06
4444	9.19E-07
4445	2.97E-07
4446	1.08E-07
4447	4.59E-07
4448	2.32E-07
4449	1.17E-06
4450	1.62E-06
4451	1.80E-06
4452	2.04E-06
4453	1.37E-06
4454	6.36E-07
4455	8.56E-07
4456	1.63E-06
4457	2.27E-06
4458	2.41E-06
4459	2.26E-06
4460	7.69E-07
4461	8.28E-07
4462	9.69E-07
4463	2.15E-06
4464	2.22E-06
4465	1.39E-06
4466	1.65E-06
4467	6.74E-07
4468	5.98E-07
4469	2.01E-06
4470	2.31E-06
4471	2.26E-06
4472	1.62E-06
4473	6.53E-07
4474	1.09E-06
4475	5.04E-07
4476	1.76E-06
4477	2.52E-06
4478	1.92E-06
4479	5.77E-07
4480	8.49E-07
4481	1.11E-06
4482	1.08E-06
4483	1.58E-06
4484	1.70E-06
4485	4.12E-07
4486	1.21E-06
4487	1.35E-06
4488	5.81E-07
4489	1.93E-07
4490	5.26E-07
4491	1.17E-06
4492	7.36E-07
4493	1.08E-06
4494	1.76E-06
4495	6.88E-07
4496	4.32E-07
4497	9.08E-07
4498	1.90E-07
4499	4.03E-07
4500	4.09E-07
4501	5.43E-07
4502	1.13E-06
4503	1.06E-06
4504	1.10E-06
4505	7.20E-07
4506	4.60E-07
4507	2.98E-07
4508	1.90E-07
4509	8.85E-07
4510	1.46E-06
4511	7.27E-07
4512	3.87E-07
4513	7.57E-07
4514	9.85E-07
4515	6.73E-07
4516	1.17E-06
4517	1.47E-06
4518	1.20E-06
4519	6.27E-07
4520	6.47E-07
4521	3.33E-07
4522	5.10E-07
4523	3.41E-07
4524	3.02E-07
4525	4.10E-07
4526	8.28E-07
4527	6.66E-07
4528	4.61E-07
4529	5.46E-07
4530	4.18E-08
4531	9.00E-07
4532	1.46E-06
4533	9.46E-07
4534	9.86E-07
4535	1.55E-06
4536	2.45E-07
4537	1.00E-06
4538	1.09E-06
4539	1.33E-06
4540	1.21E-06
4541	4.31E-07
4542	2.89E-07
4543	4.15E-07
4544	3.53E-07
4545	7.39E-07
4546	1.11E-06
4547	9.37E-07
4548	6.15E-07
4549	4.33E-07
4550	4.93E-07
4551	1.40E-07
4552	7.11E-07
4553	4.92E-07
4554	1.11E-06
4555	1.41E-06
4556	1.27E-06
4557	1.37E-06
4558	9.96E-07
4559	7.28E-07
4560	4.00E-07
4561	3.70E-07
4562	3.65E-07
4563	2.27E-07
4564	6.00E-07
4565	1.27E-06
4566	1.05E-06
4567	7.05E-07
4568	4.68E-07
4569	1.25E-06
4570	1.06E-06
4571	1.33E-06
4572	1.61E-06
4573	1.01E-06
4574	8.14E-07
4575	9.61E-07
4576	2.61E-07
4577	7.14E-07
4578	5.46E-07
4579	9.05E-07
4580	3.63E-07
4581	1.01E-06
4582	3.05E-07
4583	1.39E-06
4584	5.34E-07
4585	5.82E-07
4586	1.04E-06
4587	1.29E-06
4588	8.77E-07
4589	6.58E-07
4590	7.16E-07
4591	6.62E-07
4592	3.58E-07
4593	9.15E-07
4594	9.97E-07
4595	5.36E-07
4596	1.05E-06
4597	7.25E-07
4598	1.38E-06
4599	1.59E-06
4600	1.15E-06
4601	2.37E-07
4602	7.34E-07
4603	1.23E-06
4604	1.29E-06
4605	5.75E-07
4606	1.04E-06
4607	1.51E-06
4608	6.37E-07
4609	3.64E-07
4610	5.67E-07
4611	7.67E-07
4612	6.73E-07
4613	9.62E-07
4614	8.67E-07
4615	1.13E-06
4616	1.15E-06
4617	4.13E-07
4618	2.97E-07
4619	8.21E-07
4620	1.27E-06
4621	7.76E-07
4622	6.17E-07
4623	1.40E-06
4624	1.38E-06
4625	1.18E-06
4626	1.37E-06
4627	4.09E-07
4628	1.00E-06
4629	4.68E-07
4630	4.97E-07
4631	3.46E-07
4632	8.13E-07
4633	6.93E-07
4634	3.36E-07
4635	2.87E-07
4636	4.44E-07
4637	5.21E-07
4638	5.34E-07
4639	5.60E-07
4640	1.09E-06
4641	5.25E-07
4642	2.25E-07
4643	3.96E-07
4644	3.10E-07
4645	3.59E-07
4646	3.85E-07
4647	1.26E-06
4648	9.27E-07
4649	6.21E-07
4650	1.01E-07
4651	5.56E-07
4652	7.64E-07
4653	5.57E-07
4654	8.44E-07
4655	3.14E-07
4656	3.32E-07
4657	4.13E-07
4658	5.64E-07
4659	8.76E-07
4660	8.31E-07
4661	3.93E-07
4662	1.17E-06
4663	1.38E-06
4664	4.55E-07
4665	3.95E-07
4666	8.88E-07
4667	1.69E-06
4668	1.70E-06
4669	5.84E-07
4670	6.47E-07
4671	2.06E-07
4672	5.08E-07
4673	1.02E-06
4674	7.19E-07
4675	5.59E-07
4676	1.27E-06
4677	1.18E-06
4678	1.52E-06
4679	1.38E-06
4680	8.42E-07
4681	9.07E-07
4682	1.02E-06
4683	8.74E-07
4684	3.86E-07
4685	6.08E-07
4686	3.84E-07
4687	2.04E-07
4688	3.43E-07
4689	5.42E-07
4690	1.12E-06
4691	7.25E-07
4692	4.57E-07
4693	8.30E-07
4694	8.68E-07
4695	7.80E-07
4696	5.88E-07
4697	1.20E-07
4698	8.31E-07
4699	6.26E-07
4700	4.24E-07
4701	4.87E-07
4702	4.00E-07
4703	9.56E-07
4704	7.25E-07
4705	9.41E-07
4706	1.66E-06
4707	1.79E-06
4708	1.14E-06
4709	4.66E-07
4710	5.95E-07
4711	8.13E-07
4712	1.95E-07
4713	6.55E-07
4714	1.01E-06
4715	8.02E-07
4716	1.07E-06
4717	1.40E-06
4718	1.17E-06
4719	7.80E-07
4720	4.30E-07
4721	1.36E-06
4722	7.54E-07
4723	5.97E-07
4724	2.52E-07
4725	7.49E-07
4726	1.00E-06
4727	1.17E-06
4728	3.52E-07
4729	6.38E-07
4730	1.25E-06
4731	8.04E-07
4732	4.98E-07
4733	4.33E-07
4734	1.29E-06
4735	1.02E-06
4736	4.73E-07
4737	3.80E-07
4738	9.50E-07
4739	9.07E-07
4740	6.61E-07
4741	4.30E-07
4742	8.41E-07
4743	1.64E-06
4744	1.43E-06
4745	3.13E-07
4746	1.59E-06
4747	2.67E-06
4748	1.11E-06
4749	5.37E-07
4750	7.13E-07
4751	7.86E-07
4752	1.03E-06
4753	1.26E-06
4754	1.11E-06
4755	7.79E-07
4756	4.25E-07
4757	6.34E-07
4758	1.55E-06
4759	1.21E-06
4760	2.62E-07
4761	7.81E-07
4762	1.19E-06
4763	1.24E-06
4764	1.18E-06
4765	9.46E-07
4766	7.24E-07
4767	8.47E-07
4768	7.42E-07
4769	3.26E-07
4770	5.10E-07
4771	1.41E-07
4772	1.13E-06
4773	1.34E-06
4774	6.43E-07
4775	8.70E-07
4776	5.61E-07
4777	3.90E-07
4778	6.56E-07
4779	1.01E-06
4780	1.33E-06
4781	1.07E-06
4782	9.67E-07
4783	9.22E-07
4784	4.64E-07
4785	6.33E-07
4786	1.18E-06
4787	1.50E-06
4788	5.35E-07
4789	1.56E-06
4790	2.00E-06
4791	1.26E-06
4792	5.64E-07
4793	1.57E-07
4794	4.70E-07
4795	8.69E-07
4796	7.54E-07
4797	3.66E-07
4798	4.54E-07
4799	7.74E-07
4800	3.44E-07
4801	9.03E-07
4802	9.07E-07
4803	1.62E-06
4804	6.19E-07
4805	5.21E-07
4806	6.81E-07
4807	7.23E-07
4808	6.94E-07
4809	1.23E-06
4810	1.57E-06
4811	8.52E-07
4812	2.29E-07
4813	2.26E-07
4814	9.48E-07
4815	1.10E-06
4816	2.73E-07
4817	5.66E-07
4818	6.24E-07
4819	1.57E-06
4820	1.32E-06
4821	4.50E-07
4822	9.50E-07
4823	1.77E-07
4824	9.17E-07
4825	1.14E-06
4826	1.46E-06
4827	1.26E-06
4828	7.92E-07
4829	2.62E-07
4830	2.46E-07
4831	2.54E-07
4832	4.92E-07
4833	8.40E-07
4834	2.14E-07
4835	7.71E-07
4836	8.02E-07
4837	1.48E-06
4838	1.62E-06
4839	1.89E-06
4840	1.52E-06
4841	7.26E-07
4842	4.55E-07
4843	1.03E-06
4844	1.12E-06
4845	8.16E-07
4846	5.60E-07
4847	3.80E-07
4848	5.49E-07
4849	6.74E-07
4850	6.02E-07
4851	7.58E-07
4852	6.23E-07
4853	7.09E-07
4854	8.91E-07
4855	8.82E-07
4856	8.97E-07
4857	9.03E-07
4858	5.59E-07
4859	4.28E-07
4860	4.87E-07
4861	5.31E-07
4862	1.09E-06
4863	6.45E-07
4864	4.82E-07
4865	2.62E-07
4866	7.69E-07
4867	6.19E-07
4868	4.26E-07
4869	8.08E-07
4870	1.70E-06
4871	1.64E-06
4872	1.45E-06
4873	1.32E-06
4874	7.72E-07
4875	1.65E-06
4876	1.26E-06
4877	6.39E-07
4878	4.75E-07
4879	9.77E-07
4880	5.10E-07
4881	9.44E-07
4882	1.22E-06
4883	6.42E-07
4884	7.68E-07
4885	1.44E-06
4886	1.03E-06
4887	7.21E-07
4888	1.54E-06
4889	1.74E-06
4890	2.42E-07
4891	9.49E-07
4892	3.63E-07
4893	4.65E-07
4894	8.60E-07
4895	8.62E-07
4896	6.13E-07
4897	7.07E-07
4898	3.21E-07
4899	1.31E-06
4900	1.67E-06
4901	1.03E-06
4902	9.36E-07
4903	1.24E-06
4904	9.84E-07
4905	1.04E-06
4906	1.64E-06
4907	6.92E-07
4908	7.37E-07
4909	6.45E-07
4910	1.16E-06
4911	9.39E-07
4912	5.17E-07
4913	5.16E-07
4914	3.63E-07
4915	6.66E-07
4916	1.27E-06
4917	1.00E-06
4918	1.04E-06
4919	8.97E-07
4920	5.73E-07
4921	1.55E-06
4922	9.49E-07
4923	3.53E-07
4924	6.60E-07
4925	1.15E-06
4926	1.37E-06
4927	1.49E-06
4928	9.69E-07
4929	2.53E-07
4930	1.04E-06
4931	1.25E-06
4932	7.82E-07
4933	1.38E-06
4934	9.79E-07
4935	1.22E-06
4936	5.87E-07
4937	7.17E-07
4938	9.52E-07
4939	2.35E-06
4940	3.40E-06
4941	1.73E-06
4942	2.79E-07
4943	2.08E-07
4944	5.81E-07
4945	1.43E-06
4946	2.25E-06
4947	2.14E-06
4948	1.35E-06
4949	6.26E-07
4950	1.47E-06
4951	1.17E-06
4952	1.23E-06
4953	1.24E-06
4954	1.95E-06
4955	1.99E-06
4956	1.69E-06
4957	2.26E-06
4958	2.42E-06
4959	2.19E-06
4960	2.05E-06
4961	7.52E-07
4962	2.86E-07
4963	6.87E-07
4964	1.39E-06
4965	1.32E-06
4966	1.60E-06
4967	1.84E-06
4968	1.53E-06
4969	1.52E-06
4970	2.91E-06
4971	2.56E-06
4972	1.23E-06
4973	4.71E-07
4974	2.21E-06
4975	1.72E-06
4976	1.65E-06
4977	1.83E-07
4978	6.51E-07
4979	5.78E-07
4980	9.67E-07
4981	7.82E-07
4982	1.07E-06
4983	9.63E-07
4984	1.62E-07
4985	6.40E-07
4986	1.77E-07
4987	7.76E-07
4988	4.08E-07
4989	3.72E-07
4990	1.55E-06
4991	1.27E-06
4992	6.57E-07
4993	1.19E-06
4994	5.80E-07
4995	1.19E-06
4996	9.26E-07
4997	9.03E-07
4998	1.16E-06
4999	6.24E-07
